filename,text,up_votes,down_votes,age,gender,accent,duration,generated_text
cv-valid-dev/sample-000000.mp3,be careful with your prognostications said the stranger,1,0,,,,5.1,BE CAREFUL WITH YOUR PROGNOSTICATIONS SAID THE STRANGER
cv-valid-dev/sample-000001.mp3,then why should they be surprised when they see one,2,0,,,,3.6,THEN WHY SHOULD THEY BE SURPRISED WHEN THEY SEE ONE
cv-valid-dev/sample-000002.mp3,a young arab also loaded down with baggage entered and greeted the englishman,2,0,,,,6.0,A YOUNG ARAB ALSO LOADED DOWN WITH BAGGAGE ENTERED AND GREETED THE ENGLISHMAN
cv-valid-dev/sample-000003.mp3,i thought that everything i owned would be destroyed,3,0,,,,4.5,I FELT THAT EVERYTHING I OWNED WOULD BE DESTROYED
cv-valid-dev/sample-000004.mp3,he moved about invisible but everyone could hear him,1,0,fourties,female,england,4.5,HE MOVED ABOUT INVISIBLE BUT EVERY ONE COULD HEAR HIM
cv-valid-dev/sample-000005.mp3,but everything had changed,3,0,teens,male,us,2.1,BUT EVERYTHING HAD CHANGED
cv-valid-dev/sample-000006.mp3,are you sure this is claire,2,0,,,,3.1,ARE YOU SURE DIS IS CLAIRE
cv-valid-dev/sample-000007.mp3,it had told him to dig where his tears fell,1,0,,,,3.3,IT HAD TOLD HIM TO DIG WHERE HIS TEARS FELL
cv-valid-dev/sample-000008.mp3,the shop folks were taking down their shutters and people were opening their bedroom windows,1,0,twenties,female,canada,5.6,THE SHOP FOLKS WERE TAKING DOWN THEIR SHUTTERS AND PEOPLE WERE OPENING THEIR BEDROOM WINDOWS
cv-valid-dev/sample-000009.mp3,the teacher thought that he'd taught himself all he could,1,0,fifties,female,australia,5.1,THE TEACHER THOUGHT THAT HE TAUGHT HIMSELF ALL HE COULD
cv-valid-dev/sample-000010.mp3,the boy stepped closer to the girl and when she smiled he did the same,1,0,,,,4.5,THE BOY STEPPED CLOSER TO THE GIRL AND WHEN SHE SMILED HE DID THE SAME
cv-valid-dev/sample-000011.mp3,you haven't seen anything yet,2,0,,,,2.9,YOU HAVEN'T SEEN ANYTHING YET
cv-valid-dev/sample-000012.mp3,but i found it difficult to get to work because of the investigations,2,0,,,,4.7,BUT I FOUND IT DIFFICULT TO GET TO WORK BECAUSE OF THE INVESTIGATIONS
cv-valid-dev/sample-000013.mp3,in those days very few of the people had any idea about astronomy,5,0,twenties,male,us,4.9,IN THOSE DAYS VERY FEW OF THE PEOPLE HAD ANY IDEA ABOUT ASTRONOMY
cv-valid-dev/sample-000014.mp3,when i'm eating that's all i think about,7,1,,,,5.3,WHEN I'M EATING THAT'S ALL I THINK ABOUT
cv-valid-dev/sample-000015.mp3,got anything new on the hanging,1,0,,,,2.1,GOT ANYTHING YOUONLY HANGING
cv-valid-dev/sample-000016.mp3,is that what you want me to tell vincent,2,0,,,,5.2,IS THAT WHAT YOU WANT ME TO TELL VINCENT
cv-valid-dev/sample-000017.mp3,one of us is going to jail,1,0,,,,5.5,ONE OF US IS GOING TO JAIL
cv-valid-dev/sample-000018.mp3,to nourish the falcon,9,0,,,,2.8,TO ROURISH THE FALCON
cv-valid-dev/sample-000019.mp3,this convention's gonna cost plenty,1,0,,,,3.3,THEES CONVENTION'S GOING TO COST PLENTY
cv-valid-dev/sample-000020.mp3,coming home a party of tourists passed us singing and playing music,1,0,twenties,male,england,4.7,COMING HOME A PARTY OF TOURISTS PASSED US SINGING AND PLAYING MUSIC
cv-valid-dev/sample-000021.mp3,next install an extension that makes it possible to add custom python commands,1,0,twenties,female,england,7.0,NEXT IN STELL AN EXTENSION THAT MAKES IT POSSIBLE TO ADD CUSTOM FIGHT AND COMMANDS
cv-valid-dev/sample-000022.mp3,the boy had met the alchemist,3,0,twenties,female,us,3.5,THE BOY HAD MET THE ALCONIST
cv-valid-dev/sample-000023.mp3,it was starlight and i explained the signs of the zodiac to her,3,0,,,,10.1,IT WAS STARLIGHT AND I EXPLAINED THE SIGNS OF DE SODIAC TO HER
cv-valid-dev/sample-000024.mp3,so you won't blame her,2,0,,,,2.5,THOUGH YOU WON'T BLAME HER
cv-valid-dev/sample-000025.mp3,but that's why you created the game in the first place the boy answered,1,0,,,,8.5,BUT THAT'S WHY YOU CREATED THE GAME IN THE FIRST PLACE THE BOY ANSWERED
cv-valid-dev/sample-000026.mp3,don't say that again,1,0,,,,2.2,DON'T SAY THAT AGAIN
cv-valid-dev/sample-000027.mp3,he had seen the shooting star and was persuaded that a meteorite lay somewhere nearby,2,1,,,,9.4,HE HAD SEEN THIS SHOOTING STAR AND WAS PERSUADED THAT A METEORITE LAY SOMEWHERE NEAR BY
cv-valid-dev/sample-000028.mp3,it turned out to be a bitter tea,3,0,,,,3.4,IT TURNED OUT TO BE A BITTER TEA
cv-valid-dev/sample-000029.mp3,are you gonna throw a rock,1,0,twenties,male,canada,2.2,A GINTO THROW A ROCK
cv-valid-dev/sample-000030.mp3,among these people were a couple of cyclists a gardener i employed sometimes and a girl carrying a baby,2,1,twenties,male,indian,9.0,AMONG THESE PEOPLE WERE A COUPLE OF CYCLISTS A GARDENER I EMPLOYED SOMETIMES AND A GIRL CARRYING A BABY
cv-valid-dev/sample-000031.mp3,my tax dollars pay for those public school proms,3,0,,,,4.2,MIGHT TAX DOLLARS PAY FOR THOSE PUBLIC SCHOOL PRAMS
cv-valid-dev/sample-000032.mp3,they looked for the fallen mass but found nothing,3,0,,,,3.3,THEY LOOKED FOR THE FALLEN MASS BUT FOUND NOTHING
cv-valid-dev/sample-000033.mp3,i was just in town earlier this year so it is kind of crazy to think about what took place right after,1,0,,,,7.0,I WAS JUST IN TOWN EARLIER THIS YEAR SO IT IS KIND OF CRAZY TO THINK ABOUT WHAT TOOK PLACE RIGHT AFTER
cv-valid-dev/sample-000034.mp3,i want to see that map covered before we get through,1,0,fifties,male,us,4.8,I WANT TO SEE THAT MAP COVERED BEFORE WE GET THROUGH
cv-valid-dev/sample-000035.mp3,it made me very depressed,1,0,,,,3.5,IT MADE ME VERY DEPRESSED
cv-valid-dev/sample-000036.mp3,its important to keep an open mind and she has urged me to do the same,2,0,,,,6.5,IT'S IMPORTANT TO KEEP AN OPEN MIND AND SHE HAS URGED ME TO DO THE SAME
cv-valid-dev/sample-000037.mp3,mine's in the door,1,0,,,,3.9,MINES IN THE DOOR
cv-valid-dev/sample-000038.mp3,from this perspective you can see the concentric circles,1,0,,,,4.1,FROM THIS PERSPECTIVE YOU CAN SEE THE CONCENTRIC CIRCLES
cv-valid-dev/sample-000039.mp3,he must be disguised to avoid encounters with thieves,1,0,,,,11.5,YOU MUST BE DISGUISED TO AVOID IN CONTAST WITH CHIVS
cv-valid-dev/sample-000040.mp3,ogilvy watched till one and then gave up,4,0,,,,5.6,OGOLVI WATCHED TILL WON AND THEN GAVE UP
cv-valid-dev/sample-000041.mp3,i don't know where to go,3,0,thirties,male,canada,2.6,I DON'T KNOW WHERE TO GO
cv-valid-dev/sample-000042.mp3,his speech ended in standing ovations,1,0,,,,3.3,HIS SPEECH ENDED IN STANDING OVATION
cv-valid-dev/sample-000043.mp3,in a way so am i he said,3,0,,,,3.0,IN HER WAY SO AM I HE SAID
cv-valid-dev/sample-000044.mp3,when the sun sets the men will once again surrender their arms to me,1,0,,,,5.8,WHEN THE SUN SETS THE MAN WILL ONCE AGAIN SURRENDER THE ARMSH TO ME
cv-valid-dev/sample-000045.mp3,i was scared but wasted no time in going out and crossing the bridge to the sand pits,3,0,fourties,male,us,5.2,I WAS SCARED BUT WASTED NO TIME IN GOING OUT AND CROSSING THE BRIDGE TO THE SAND
cv-valid-dev/sample-000046.mp3,we must be good,3,0,twenties,male,us,1.9,WE MUST BE GOOD
cv-valid-dev/sample-000047.mp3,he almost began to tell about his treasure but decided not to do so,1,0,,,,5.8,HE ALMOST BEGAN TO TEN ABOUT HIS TREASURE BUT DECIDED NOT TO DO SO
cv-valid-dev/sample-000048.mp3,not even the tribal chieftains are able to see him when they want to,2,0,,,,6.7,NOT EVEN THE TRIBEL CHIEFTAINS ARE ABLE TO SEE HIM WHEN THEY WANT TO
cv-valid-dev/sample-000049.mp3,why didn't you tell me,1,0,,,,1.9,WHY DIDN'T YOU TELL ME
cv-valid-dev/sample-000050.mp3,they could barely see the boy,3,0,,,,2.0,THEY COULD BARELY SEE THE BOY
cv-valid-dev/sample-000051.mp3,our generator has been disrupted by ultra high frequency waves,1,0,,,,4.3,OUR GENERATOR HAS BEEN DISRUPTED BY ULTRAHIGH FREQUENCY WAVES
cv-valid-dev/sample-000052.mp3,he needed someone to talk to so as to avoid thinking about the possibility of war,2,0,fourties,male,england,5.6,HE NEEDED SOME ONE TO TALK TO SO AS TO AVOID THINKING ABOUT THE POSSIBILITY OF WALL
cv-valid-dev/sample-000053.mp3,almost everyone here speaks spanish,1,0,fourties,female,england,3.1,ALMOST EVERY ONE HERE SPEAKS SPANISH
cv-valid-dev/sample-000054.mp3,the report was largely scathing,1,0,fifties,male,england,2.9,THE REPORT WAS LARGELY SCATHING
cv-valid-dev/sample-000055.mp3,no one attacks an oasis,2,0,,,,2.4,NO ONE ATTACKS AN OASIS
cv-valid-dev/sample-000056.mp3,where's the old goat,1,0,twenties,male,england,2.7,WHERE'S THE OLD GOAT
cv-valid-dev/sample-000057.mp3,before guns were invented armies had to throw bullets at each other and if a bullet touched you you had to sit out until the next war,3,1,sixties,female,canada,9.7,BEFORE GUNS WERE INVENTED ARMIES HAD TO THROW BULLETS AT EACH OTHER AND OBLL ET TOUCHED YOU IF YOU HAD TO SIT OUT UNTIL THE NEXT WAR
cv-valid-dev/sample-000058.mp3,it was the time of day when all of spain slept during the summer,2,0,twenties,male,england,4.0,IT WAS THE TIME OF DAY WHEN ALL OF SPAIN SLEPT DURING THE SUMMER
cv-valid-dev/sample-000059.mp3,there were mountains in the distance,7,0,fifties,male,us,2.9,THERE WERE MOUNTAINS IN THE DISTANCE
cv-valid-dev/sample-000060.mp3,excuse you for what,1,0,fourties,male,england,2.7,EXCUSE YOU FOR WHAT
cv-valid-dev/sample-000061.mp3,yesterday i waited forever for the subway train,1,0,fifties,male,us,4.0,YESTERDAY I WAITED FOREVER FOR THE SUBWAY TRAIN
cv-valid-dev/sample-000062.mp3,i'll go right after it,1,0,,,,3.0,I'LL GO RIGHT AFTER IT
cv-valid-dev/sample-000063.mp3,just make yourselves at home,1,0,,,,3.7,JUST MAKE YOURSELVES AT HOME
cv-valid-dev/sample-000064.mp3,and you've told me about omens,2,0,,,,2.4,AND YOU'VE TOLD ME ABOUT OMONDS
cv-valid-dev/sample-000065.mp3,where was his horse,2,0,,,,1.4,WHERE WAS HIS HORSE
cv-valid-dev/sample-000066.mp3,it was glaringly hot not a cloud in the sky nor a breath of wind,5,1,thirties,male,australia,3.1,IT WAS GLARINGLY HOT NOT A CLOUD IN THE SKY NOR A BREATH OF WIND
cv-valid-dev/sample-000067.mp3,compiling the linux kernel can be time consuming,2,0,fourties,male,us,4.2,COMPILING THE LINNOX COLONEL CAN BE TIME CONSUMING
cv-valid-dev/sample-000068.mp3,if that guy lays an egg,1,0,seventies,male,england,2.5,IF THAT GUY LAYS AN EGG
cv-valid-dev/sample-000069.mp3,the brass lamp had been disturbed,1,0,,,,4.7,THE BRASS LAMD HAD BEEN DISTURBED
cv-valid-dev/sample-000070.mp3,sadly my dream of becoming a squirrel whisperer may never happen,3,0,seventies,male,us,5.3,SADLY MY DREAM OF BECOMING A SQUIRREL WHISPERER MAY NEVER HAPPEN
cv-valid-dev/sample-000071.mp3,who do you think writes them,1,0,,,,2.9,WHO DO YOU THINK WRITES THEM
cv-valid-dev/sample-000072.mp3,i'm ok if you're ok about it,1,0,,,,2.8,ANARCHY OF UDOCHY ABOUT IT
cv-valid-dev/sample-000073.mp3,the achieved results are far behind the stateoftheart in image classification,1,0,twenties,male,us,4.3,THE ACHIEVED RESULTS OR FAR BEHIND THE STATE OF THE ART IN IMAGE LUSIFICATION
cv-valid-dev/sample-000074.mp3,i'll be back in a minute,1,0,,,us,1.9,I'LL BE BACK IN A MINUTE
cv-valid-dev/sample-000075.mp3,judge debra sent me,1,0,fifties,male,,2.2,JUDGE DEBORA SENT ME
cv-valid-dev/sample-000076.mp3,a large piece suddenly came off and fell with a loud and sharp noise,1,0,,,,5.4,A LARGE PIECE SUDDENLY CAME OFF AND FELL WITH A LOUD AND SHARP NOISE
cv-valid-dev/sample-000077.mp3,it left a greenish streak that glowed for some seconds,2,0,,,,4.7,IT LEFT A GREENY STREAK THAT GLOWED FOR SOME SECONDS
cv-valid-dev/sample-000078.mp3,the homeless seem to like soup,1,0,,,,2.9,THE HOMELESS SEEMED TO LIKE SOUP
cv-valid-dev/sample-000079.mp3,and finally the falcon returned with their meal,1,0,,,,4.2,AND FINALLY THE FALCON RETURNED WITH THEIR MEAL
cv-valid-dev/sample-000080.mp3,two more months passed and the shelf brought many customers into the crystal shop,2,0,twenties,male,us,5.1,TWO MORE MONTHS PASSED AND THE SHOUT BROUGHT MANY CUSTOMERS INTO THE CRYSTAL SHOP
cv-valid-dev/sample-000081.mp3,he decanted the wine and began to recount the disturbing story he had been told,1,0,,,,7.6,HE DECONTED THE WINE AND BEGAN TO RECOUNT THE DISTURBING STORY HE HAD BEEN TOLD
cv-valid-dev/sample-000082.mp3,at least she knows how to behave at funerals,1,0,fifties,female,england,4.1,AT LEAST SHE KNOWS HOW TO BEHAVE AT FUNERALS
cv-valid-dev/sample-000083.mp3,look at the policy i gave him,1,0,thirties,male,us,4.1,LOOK AT THE POLICY I GAVE HIM
cv-valid-dev/sample-000084.mp3,then i don't get paid,2,1,,,,2.6,THEN I DON'T GET PAID
cv-valid-dev/sample-000085.mp3,i got two giant bug bites on my right leg from last night and they hurt,4,0,thirties,female,us,5.4,I GOT TWO GIANT BULKBITES ON MY RIGHT LEG FROM LAST NIGHT AND THEY HURT
cv-valid-dev/sample-000086.mp3,but they really don't know what they're saying,3,0,,,,2.9,BUT THEY REALLY DON'T KNOW WHAT THEY'RE SAYING
cv-valid-dev/sample-000087.mp3,and also by unhappiness envy and jealousy,2,0,,,,3.4,AND ALSO BY UNHAPPINESS ENVY AND JEALOUSY
cv-valid-dev/sample-000088.mp3,some of the grey ash was falling off the circular edge,3,0,,,,4.2,SOME OF THE GREY ASH WAS FALLING OFF THE CIRCULAR EDGE
cv-valid-dev/sample-000089.mp3,the stranger seemed satisfied with the answer,3,0,,,,3.0,THE STRANGER SEEMED SATISFIED IT THE ANSWER
cv-valid-dev/sample-000090.mp3,i don't care what you charge them with,1,0,,,,4.8,I DON'T CARE WHAT YOU CHARGE THEM WITH
cv-valid-dev/sample-000091.mp3,what was all that,3,0,thirties,male,england,3.2,WHAT A BOSS ALL THAT
cv-valid-dev/sample-000092.mp3,it was the first time she had done that,3,1,,,,3.2,IT WAS THE FIRST TIME SHE HAD DONE THAT
cv-valid-dev/sample-000093.mp3,it was faintly marked with transverse stripes and slightly flattened from the perfect round,3,0,,,,6.9,IT WAS FAINTLY MARKED WITH TRANSVERSE STRIPES AND SLIGHTLY FLATTENED FROM THE PERFECT ROUND
cv-valid-dev/sample-000094.mp3,we can't let the chronicle get the laugh on us,1,0,thirties,female,england,2.7,WE CAN'T LET THE CHRONICLE GET THE LAUGH ON US
cv-valid-dev/sample-000095.mp3,you're far too valuable,1,0,,,,3.1,YOU ARE FAR TOO VALLABLE
cv-valid-dev/sample-000096.mp3,they eat lunch together often but dont really talk outside the office,3,0,,,,8.6,THEY EAT LUNCH TOGETHER OFTEN BUT DON'T REALLY TALK OUTSIDE THE OFFICE
cv-valid-dev/sample-000097.mp3,a half a heelot,1,0,,,,1.4,A HALF OF HELOT
cv-valid-dev/sample-000098.mp3,hunches his mother used to call them,3,0,sixties,female,canada,4.7,HUNCHES HIS MOTHER USED TO CALL THEM
cv-valid-dev/sample-000099.mp3,it is recommended to drink at least two liters of water a day,1,0,twenties,male,,4.1,IT IS RECOMMENDED TO DRINK AT LEAST TWO LEADERS OF WATER A DAY
cv-valid-dev/sample-000100.mp3,vibrations of peace throughout the tent,6,2,,male,us,3.8,VIBRATIONS OF PEASE TELO ETENT
cv-valid-dev/sample-000101.mp3,thomas went to war,3,0,,,,3.4,THOMAS WENT TO WAR
cv-valid-dev/sample-000102.mp3,they were in an immense setting surrounded by thousands of people speaking a strange language,1,0,twenties,male,england,5.7,THEY WERE IN AN IMMENSE SETTING SURROUNDED BY THOUSANDS OF PEOPLE SPEAKING A STRANGE LANGUAGE
cv-valid-dev/sample-000103.mp3,tangier is not like the rest of africa,9,0,,,,3.9,TANGIER IS NOT LIKE THE REST OF AFRICA
cv-valid-dev/sample-000104.mp3,i'll hang it up,2,0,,,,4.6,I'LL HANG IT UP
cv-valid-dev/sample-000105.mp3,there is a way out,1,0,,,,3.5,THERE IS A WAY OUT
cv-valid-dev/sample-000106.mp3,i'm going with you the boy said,2,0,,,,6.7,I'M GOING WITH YOU THE BOY SAID
cv-valid-dev/sample-000107.mp3,who is your friend the chief asked,2,0,,,,4.9,WHO IS YOUR FRIEND THE CHIEF ASKED
cv-valid-dev/sample-000108.mp3,i'll tell you in a minute,3,0,,,,2.5,I'LL TELL YOU IN A MINUTE
cv-valid-dev/sample-000109.mp3,i think they perceived that nothing was to be done at the moment,2,0,twenties,male,indian,4.4,I THINK THEY PERCEIVED THAT NOTHING WAS TO BE DONE AT THE MOMENT
cv-valid-dev/sample-000110.mp3,in some places the ground was covered with the salt of driedup lakes,3,0,twenties,male,england,6.3,IN SOME PLACES THE GROUND WAS COVERED WITH A SALT OF DRIED UP LAKES
cv-valid-dev/sample-000111.mp3,that's why i was sent down here,1,0,thirties,male,us,3.7,THAT'S WHY I WAS SENT DOWN HERE
cv-valid-dev/sample-000112.mp3,i heard a peculiar humming sound from the pit,4,1,,,,4.9,I HEARD A PECULIAR HUMMING SOUND FROM THE PIT
cv-valid-dev/sample-000113.mp3,he had come to the town only to find a woman who could interpret his dream,2,1,fourties,male,canada,3.6,HE HAD COME TO A TOWN ONLY TO FIND A WOMAN WHO COULD INTERPRET HIS DREAM
cv-valid-dev/sample-000114.mp3,why the shots stopped after the tenth no one on earth has tried to explain,3,0,fourties,male,scotland,7.3,WHY THE SHOTS STOPPED AFTER THE TENTH NO ONE ON EARTH HAS TRIED TO EXPLAIN
cv-valid-dev/sample-000115.mp3,for some reason we were blocked from entering,1,0,teens,male,us,2.5,FOR SOME REASON WE WERE BLOCKED FROM ENTERING
cv-valid-dev/sample-000116.mp3,the swimming pool was full of chlorine,1,0,,,,7.0,THE THREAMING POOL WAS FULL OF CHLOREN
cv-valid-dev/sample-000117.mp3,but you are in the desert,3,0,thirties,male,us,3.1,BUT YOU ARE IN THE DESERT
cv-valid-dev/sample-000118.mp3,he was more confident in himself though and felt as though he could conquer the world,2,1,,,,7.3,HE WAS MORE CONFIDENT IN HIMSELF THOUGH AND FELT AS THOUGH HE COULD CONQUER THE WORLD
cv-valid-dev/sample-000119.mp3,she refilled her vessel and left,3,0,twenties,male,us,2.7,SHERIT FAILED HER VASAL AND LAUGHED
cv-valid-dev/sample-000120.mp3,i noticed that the boy answered,1,0,,,,5.3,I NOTICED THAT THE BOY ANSWERED
cv-valid-dev/sample-000121.mp3,throughout the entire day we will be on the lookout for our enemies,3,0,,,,7.3,THROUGHOUT THE ENTIRE DAY WE BUILD BEYOND THE LOOKOUT FOR OUR ENEMIES
cv-valid-dev/sample-000122.mp3,at other times at a crucial moment i make it easier for things to happen,2,0,,,,5.3,AT OTHER TIMES AT A CRUISING MOMENT YOU MAKE IT EASIER FOR THINGS TO HAPPEN
cv-valid-dev/sample-000123.mp3,all the joy he had seen that morning had suddenly disappeared,6,0,thirties,male,england,6.0,ALL THE JOY HE HAD SEEN THAT MORNING HAD SUDDENLY DISAPPEARED
cv-valid-dev/sample-000124.mp3,you can't desert now,1,0,,,,2.4,YOU CAN'T DESERT NOW
cv-valid-dev/sample-000125.mp3,i have no information about troops or about the movement of the tribes,3,0,,,,6.0,I HAVE NO INFORMATION ABOUT TROOPS OR ABOARD THE MOVEMENT OF THE TRIBES
cv-valid-dev/sample-000126.mp3,you have been stopping me,2,0,fourties,male,scotland,2.8,YOU HAVE BEEN STOPPING ME
cv-valid-dev/sample-000127.mp3,there were raised voicesand some sort of struggle appeared to be going on ,4,0,,,,5.2,THEY'VE ARRACED VOICES AND SOME SORT OF STRUGGLE APPEARED TO BE GOING ON
cv-valid-dev/sample-000128.mp3,i got drunk yesterday and thought i built a super computer,2,1,fourties,male,us,5.1,I GOT DRUNK YESTERDAY AND THOUGHT I BUILT A SUPERCOMPETER
cv-valid-dev/sample-000129.mp3,he was immensely excited at the news,4,0,twenties,male,england,3.3,HE WAS IMMENSELY EXCITED AT THE NUS
cv-valid-dev/sample-000130.mp3,using script blockers is generally a good idea but it requires the user to learn a bit,1,0,teens,male,us,4.9,USING SCRIP LOCKERS IS GENERALLY A GOOD IDEA BUT IT REQUIRES THE USER TO LEARN A BIT
cv-valid-dev/sample-000131.mp3,so when i look out over your sands i am also looking at her,2,0,,,,6.8,SO WHEN I LOOK OUT OVER YOUR SENSE I AM ALSO LOOKING AT HER
cv-valid-dev/sample-000132.mp3,he's home cooking dinner,2,0,fourties,male,england,2.2,HE'S HOME COOKING DINNER
cv-valid-dev/sample-000133.mp3,let's have a look at the standard deviation,3,0,thirties,male,,2.7,LET'S HAVE A LOOK AT THE STANDARD DEVIATION
cv-valid-dev/sample-000134.mp3,now that's too much,2,0,,,,1.6,NOW THAT'S TOO MUCH
cv-valid-dev/sample-000135.mp3,he just got a new kite for his birthday,1,0,thirties,female,england,4.0,HE JUST GOT A NEW KITE FOR HIS BIRTHDAY
cv-valid-dev/sample-000136.mp3,the ceiling collapsed inwards,1,0,twenties,male,us,2.5,THE CEILING COLLAPSED INWARDS
cv-valid-dev/sample-000137.mp3,for example i can say score test word to print test word or camel test word to print testword,1,0,,,,9.2,FOR EXAMPLE I CAN SAY SCORE TEST WORD TO PRINT TEST WORD OR CAMEL TEST WORD TO PRINT TEST WORD
cv-valid-dev/sample-000138.mp3,i'm a woman of the desert she said averting her face,6,0,,,,5.2,I AM A WOMAN OF THE DESERT SHE SAID AVERTING HER FACE
cv-valid-dev/sample-000139.mp3,we want to sell handmade chukka boots in that food truck,1,0,thirties,male,us,3.1,WE WANT TO SELL HENMADE CHUKA BOOTS IN THAT FOOD TRUOK
cv-valid-dev/sample-000140.mp3,he's talking like a child,2,0,thirties,female,indian,2.4,HE IS TALKING LIKE A CHILD
cv-valid-dev/sample-000141.mp3,the quicker the better,2,0,,,,2.3,THE QUICKER THE BETTER
cv-valid-dev/sample-000142.mp3,and you married her,1,0,fourties,female,us,2.2,THEN YOU MARRIED HER
cv-valid-dev/sample-000143.mp3,few people realise the immensity of vacancy,6,1,,,,3.4,FEW PEOPLE REALIZE THE IMMENSITY OF VACANCY
cv-valid-dev/sample-000144.mp3,the englishman's eyes lit up,2,0,,,,4.4,THE ENGLISHMAN'S EYES LIT UP
cv-valid-dev/sample-000145.mp3,few people realise the immensity of vacancy,3,0,teens,male,us,3.5,FEW PEOPLE REALIZED THE IMMENSITY OF VACANCY
cv-valid-dev/sample-000146.mp3,when the sun sets the men will once again surrender their arms to me,3,0,,,,5.3,WHEN THE SUN SETS THE MEN WILL ONCE AGAIN SURRENDER THEIR ARMS TO ME
cv-valid-dev/sample-000147.mp3,its lower end was still embedded,3,0,,,,2.4,ITS LAURA END WAS STILL IMBEDDED
cv-valid-dev/sample-000148.mp3,before guns were invented armies had to throw bullets at each other and if a bullet touched you you had to sit out until the next war,3,0,,,,9.1,BEFORE GUNS WERE INVENTED ARMIES HAD TROWED BULLETS AT EACH OTHER AND IF A BULLET TOUCHED YOU YO HAD TO SET OUT UNTIL THE NEXT WAR
cv-valid-dev/sample-000149.mp3,now leave us alone said the boy to the young arab,1,0,twenties,male,us,4.6,NOW LEAVE US ALONE SAID THE BOY TO THE YOUNG ARAB
cv-valid-dev/sample-000150.mp3,on the first day he returned with a rabbit and on the second with two birds,9,2,,,,3.2,ON THE FIRST DAY HE RETURNED WITH A RABBIT AND ON THE SECOND T
cv-valid-dev/sample-000151.mp3,as soon as he saw me among the crowd he called to me to come down,4,0,,,,5.4,AS SOON AS HE SAW ME AMONG THE CROWD HE CALLED TO ME TO COME DOWN
cv-valid-dev/sample-000152.mp3,i'm not hiding anything the boy answered,7,0,twenties,female,us,2.8,I'M NOT HIDING ANYTHING THE BOY ANSWERED
cv-valid-dev/sample-000153.mp3,a large portion of the cylinder had been uncovered,3,0,sixties,female,us,4.7,A LARGE PORTION OF THE CYLINDER HAD BEEN UNCOVERED
cv-valid-dev/sample-000154.mp3,i'm hunting with my falcon the alchemist answered,1,0,,,,4.3,I'M HUNTING WITH MAFOLCAN THE ALCHYMIST ANSWERED
cv-valid-dev/sample-000155.mp3,it's not what enters men's mouths that's evil said the alchemist,3,1,sixties,female,canada,6.6,IT'S NOT WHAT ENTERS MAN'S MOUTH THAT'S EVIL SAID THE ALCHEMIST
cv-valid-dev/sample-000156.mp3,an army is coming the boy said,2,0,fourties,male,,2.6,AN ARMY IS COMING THE BOY SAID
cv-valid-dev/sample-000157.mp3,so you know about love the boy said,1,0,fifties,male,scotland,2.7,SO YOU KNOW ABOU LUP THE BOY SAID
cv-valid-dev/sample-000158.mp3,there are rumors of tribal wars he told them,3,1,,,,3.8,THERE ARE RUMORS OF TRIVAL WARS HE TOLD THEM
cv-valid-dev/sample-000159.mp3,the first rule of don't fight club is let's talk about it,76,6,twenties,male,us,5.8,THE FIRST RULE OF DON'T FIGHT CLUB IS LET'S TALK ABOUT IT
cv-valid-dev/sample-000160.mp3,the steel of its blade glittered in the light of the moon,6,1,,,,3.1,THE STEEL OF ITS BLADE GLITTERED AND THE LIGHT OF THE MOON
cv-valid-dev/sample-000161.mp3,the man looked at the angel in surprise,2,0,,,,3.2,THE MAN LOOKED AT THE ANGEL IN SURPRISE
cv-valid-dev/sample-000162.mp3,he only lost three buttons off his vest,3,0,sixties,male,canada,4.4,HE ONLY LOST THREE BUTTONS OFF HIS VEST
cv-valid-dev/sample-000163.mp3,i think we can do better after the boat sails,1,0,fourties,female,us,4.1,I THINK WE CAN DO BETTER AFTER THE BOAT SAILS
cv-valid-dev/sample-000164.mp3,the englishman didn't answer him directly,2,0,,,,4.1,THE ENGLISHMAN DIDN'T ANSWER HIM DIRECTLY
cv-valid-dev/sample-000165.mp3,he felt weighted down by the centuries of time since the pyramids had been built,1,0,,,,4.7,HE FELT WEIGHTED DOWN BY THE SENTRIES OF TIME SINCE THE PYRAMIDS HAD BEEN BUILT
cv-valid-dev/sample-000166.mp3,fatima the girl said averting her eyes,2,0,,,,4.9,FADY MAN NEGORITY ABURNING HER EYES
cv-valid-dev/sample-000167.mp3,the boy was relieved,5,0,teens,male,us,2.2,THE BOY WAS RELIEVED
cv-valid-dev/sample-000168.mp3,in any case it's good that you've learned that everything in life has its price,2,0,,,,7.1,IN ANY CASE IT'S GOOD THAT YOU'VE LEARNED THAT EVERYTHING IN LIFE HAS ITS PRICE
cv-valid-dev/sample-000169.mp3,i'm not rubbing it in,1,0,twenties,male,indian,2.5,NOGHT LOBINY DID
cv-valid-dev/sample-000170.mp3,now let's see what you look like when you protest,1,0,fifties,female,,3.7,NOW LET'S SEE WHAT YOU LOOK LIKE WHEN YOU PROTEST
cv-valid-dev/sample-000171.mp3,few people realise the immensity of vacancy,5,0,thirties,male,us,4.4,FEW PEOPLE REALIZED THE IMMENSITY OF VACANCY
cv-valid-dev/sample-000172.mp3,on the very first page it described a burial ceremony,3,1,,,,3.9,ON THE VERY FIRST PAGE IT DESCRIBED A BURIAL CEREMONY
cv-valid-dev/sample-000173.mp3,you're right when you say my father was no business man,1,0,twenties,female,england,3.5,YOU'RE RIGHT WHEN YOU SAY MY FATHER WAS NO BUSINESS MAN
cv-valid-dev/sample-000174.mp3,the woman said she had never heard of such a person and hurried away,2,0,,,,5.5,THE WOMAN SAID SHE HAD NEVER HAD OF SUCH A PERSON AND HIRIED AWAY
cv-valid-dev/sample-000175.mp3,what boat you sailing on,2,0,thirties,female,us,2.3,WHAT BOAT ARE YOU SAILING ON
cv-valid-dev/sample-000176.mp3,he moved about invisible but everyone could hear him,3,0,,,,5.2,HE MOVED ABOUT INVISIBLE BUT EVERYONE COULD HEAR HIM
cv-valid-dev/sample-000177.mp3,what's the matter with eleanor,2,0,thirties,male,,2.5,WHAT'S THE MATTER WITH ELENOR
cv-valid-dev/sample-000178.mp3,it must have fallen while i was sitting over there,12,0,,,,3.1,IT MUST HAVE FALLEN WHILE I WAS SITTING OVER THERE
cv-valid-dev/sample-000179.mp3,worked hard just to have food and water like the sheep,1,0,,,,3.4,WORKED HARD JUST TO HAVE FOOD AND WATER LIKE TE
cv-valid-dev/sample-000180.mp3,what a load of trash sarah opined,1,0,fifties,male,australia,3.7,WHAT A LOAD OF TRESH SARAH A PIND
cv-valid-dev/sample-000181.mp3,rest well tonight as if you were a warrior preparing for combat,4,0,,,,5.1,REST WELL TO NIGHT AS IF YOU WERE A WARRIOR PREPARING FOR COMBAT
cv-valid-dev/sample-000182.mp3,the teenagers put on red hoodies for their annual toboggan run,1,0,thirties,male,canada,4.1,THE TEAN AGRS PUT ON RED HOODIES FOR THEIR ANNUAL TO BAGENRAM
cv-valid-dev/sample-000183.mp3,learn to recognize omens and follow them the old king had said,2,0,,,,5.4,LEARNED TO RECOGNISE OMENS AND FOLLOW THEM THE OLD KING HAD SAID
cv-valid-dev/sample-000184.mp3,berlin can be so lovely this time of year,1,0,twenties,male,us,3.6,BURLING CAN BE SO LOVELY THIS TIME OF YEAR
cv-valid-dev/sample-000185.mp3,laura took out a cigarette and placed it in her mouth,1,0,fourties,,australia,3.0,LAURA TOOK OUT A CIGARETTE AND PLACED IT IN HER MAP
cv-valid-dev/sample-000186.mp3,they were fascinating stories each of them lived out his destiny to the end,3,0,,,,5.2,THEY WERE FASCINATING STORIES EACH OF THEM LIVED OUT ITS DESTINY TO THE END
cv-valid-dev/sample-000187.mp3,the vision vanished immediately but it had shaken him,2,0,twenties,female,england,4.1,THE VISION VANISHED IMMEDIATELY BUT IT HAD SHAKEN HIM
cv-valid-dev/sample-000188.mp3,one can imagine these two covered with sand running up the little street in the bright sunlight,4,0,,,,6.1,ONE CAN IMAGINE THESE TWO COVERED WITH SAND RUNNING UP THE LITTLE STREET IN THE BRIGHT SUNLIGHT
cv-valid-dev/sample-000189.mp3,crooks don't pay taxes,1,0,twenties,male,,2.9,CRUKS DON'T PAY TEXAS
cv-valid-dev/sample-000190.mp3,the omens had told him so,3,0,twenties,male,england,2.5,THE OMENS TOLD HIM SO
cv-valid-dev/sample-000191.mp3,but the boy knew that he was referring to fatima,3,0,twenties,other,ireland,3.2,BUT THE BOY KNEW THAT HE WAS REFERRING TO FADAMER
cv-valid-dev/sample-000192.mp3,the arab accepted them without a word,2,0,,,,5.3,THE ARAB ACCEPTED THEM WITHOUT A WORD
cv-valid-dev/sample-000193.mp3,but that was simply because my eye was tired,5,0,,,,4.6,BUT THAT WAS SIMPLY BECAUSE MY EY WAS TIRED
cv-valid-dev/sample-000194.mp3,welcome to dave's guitar session,1,0,,,,4.7,WELCOME TO DAVE'S GUITAR SESSION
cv-valid-dev/sample-000195.mp3,is that job still open,1,0,,,,2.7,IS THAT DOP STILL OPEN
cv-valid-dev/sample-000196.mp3,when he was a child that man wanted to travel too,3,0,fourties,male,us,4.5,WHEN HE WAS A CHILD THAT MAN WANTED TO TRAVEL TO
cv-valid-dev/sample-000197.mp3,he believed in omens,1,0,,,,4.3,HE BELIEVED IN ALMENDS
cv-valid-dev/sample-000198.mp3,on top of all that the weeds keep growing and the garbage has to be taken out,2,0,fifties,female,indian,5.9,ON TOP OF ALL THAT THE WEEDS KEEP GROWING AND THE GABBIT HAS TO BE TAKEN OUT
cv-valid-dev/sample-000199.mp3,but a lovely chap,1,0,,,,2.6,BOUGHT A LOVELY JAP
cv-valid-dev/sample-000200.mp3,at that time it was quite clear in my own mind that the thing had come from the planet mars,2,0,fourties,male,england,6.1,AT THAT TIME IT WAS QUITE CLEAR IN MY OWN MIND THAT THE THING HAD COME FROM THE PLANET MARS
cv-valid-dev/sample-000201.mp3,that's not so bad,2,0,thirties,male,england,2.8,THAT'S NOT SO BAD
cv-valid-dev/sample-000202.mp3,how strange africa is thought the boy,3,1,,,,3.8,HOW STRANGE AFRICA IS THOUGHT THE BOY
cv-valid-dev/sample-000203.mp3,he had seen the shooting star and was persuaded that a meteorite lay somewhere nearby,4,1,teens,male,canada,6.5,HE HAD SEEN THE SHOOTING STAR AND WAS PERSUADED THAT A METEORITE LAY SOMEWHERE NEAR BY
cv-valid-dev/sample-000204.mp3,for every ten dead men among our enemies you will receive a piece of gold,3,0,,,,6.5,FOR EVERY TEN DEAD MEN AMONG OUR ENEMIES YOU WILL RECIVE A PIECE OF GOLD
cv-valid-dev/sample-000205.mp3,and eventually man will nourish your sands where the game will once again flourish,1,0,fourties,male,african,8.5,AND EVENTUALLY MAN WOOL NOURISH YOUR SANDS WHERE THE GAME WOLL WANT AGAIN FLOURISH
cv-valid-dev/sample-000206.mp3,the alchemists spent years in their laboratories observing the fire that purified the metals,1,0,twenties,male,us,5.8,THE OCHYMISTS SPENT YEARS IN THEIR LABORATORIES OBSERVING THE FIRE THAT PURIFIED THE METALS
cv-valid-dev/sample-000207.mp3,we're just slowly plodding through some user interviews at the moment,1,0,,,,5.8,WE'RE JUST SLOWLY PLODDING THROUGH SOME USER INTERVIEWS AT THE MOMENT
cv-valid-dev/sample-000208.mp3,any decent editor can show you line numbers and let you jump to a specific line,1,0,teens,male,us,5.2,ANY DECENT EDITOR CAN SHOW YOU Y NUMBERS AND LET YOU JUMP TO SPECIFIC WAI
cv-valid-dev/sample-000209.mp3,i'm going into the desert the man answered turning back to his reading,1,0,,,,5.4,I'M GOING INTO THE DESERT THE MAN ANSWERED TURNING BACK TO HIS READING
cv-valid-dev/sample-000210.mp3,it was such a gradual movement that he found it only by noticing the dots,1,0,sixties,female,malaysia,11.2,IT WAS SUCH A GRADUAL MOVEMENT THAT HE FOUND IT ONLY BY NOTICING THE DOGS
cv-valid-dev/sample-000211.mp3,the englishman was unable to sleep one night,3,0,fifties,male,scotland,3.1,THE ENGLISHMAN WAS UNABLE TO SLEEP ONE NIGHT
cv-valid-dev/sample-000212.mp3,maybe tomorrow said the boy moving away,2,0,,,,4.0,MAYBE TO MORROW SAID THE BOY MOVING AWAY
cv-valid-dev/sample-000213.mp3,i want my garden to be filled with roses petunias and passion flowers,1,0,fifties,male,england,5.6,I WANT MY GARDEN TO BE FILLED WITH ROSES PETUNIAS AND PASSION FLOWERS
cv-valid-dev/sample-000214.mp3,and we had a bite,1,0,fifties,female,indian,2.3,AND WE HAD A BINT
cv-valid-dev/sample-000215.mp3,mr and mrs nate joined the red cross and sewed,2,0,,,,5.2,MISTER AND MISSUS NATE JOINED THE RED CROSS AND SEWED
cv-valid-dev/sample-000216.mp3,throughout the entire day we will be on the lookout for our enemies,1,0,twenties,male,indian,5.1,THROUGHOUT THE ENTIRE DAY WE'LL BE ON THE LOOKOUT FOR OUR ENEMIES
cv-valid-dev/sample-000217.mp3,just as your grandfather taught you,3,0,fourties,female,us,2.8,JUST AS YOUR GRANDFATHER TAUGHT YOU
cv-valid-dev/sample-000218.mp3,the model has effectively three fully connected layers,1,0,,,,5.0,THE MORDO HAS EFFECTUALLY THREE FULLY CONNECTED LAARS
cv-valid-dev/sample-000219.mp3,he saw that fatima's eyes were filled with tears,2,0,,,,7.3,HE SAW THAT FATIMA'S EYES WERE FILLED WITH TEARS
cv-valid-dev/sample-000220.mp3,two days later the merchant spoke to the boy about the display,3,0,fourties,male,england,5.4,TWO DAYS LATER THE MERCHANT SPOKE TO THE BOY ABOUT THE DISPLAY
cv-valid-dev/sample-000221.mp3,the night was warm and i was thirsty,2,0,,,,3.5,THE NIGHT WAS WARM AND I WAS THIRSTY
cv-valid-dev/sample-000222.mp3,as he did so he talked with the monk about the tribal wars,1,0,twenties,male,us,4.7,AS HE DID SO HE TALKED WITH THE MONK ABOUT THE TRIBAL WARS
cv-valid-dev/sample-000223.mp3,as he looked at the stones he felt relieved for some reason,7,0,,,,4.6,AS HE LOOKED AT THE STONES HE FELT RELIEVED FOR SOME REASON
cv-valid-dev/sample-000224.mp3,it was very hard for her to focus,1,0,,,,2.7,IT WAS VERY HALF A HAD OF POCUTS
cv-valid-dev/sample-000225.mp3,during the third year the omens will continue to speak of your treasure and your destiny,2,0,,,,5.7,DURING THE THIRD YEAR THE OMENS WILL CONTINUE TO SPEAK OF YOUR TREASURE AND YOUR DESTINY
cv-valid-dev/sample-000226.mp3,the wind has many names,3,0,,,,3.0,THE WIND HAS MANY NAMES
cv-valid-dev/sample-000227.mp3,i promised that i would make my own decisions he said to himself,3,0,twenties,male,ireland,4.6,I PROMISED THAT I WOULD MAKE MY OWN DECISIONS HE SAID TO HIMSELF
cv-valid-dev/sample-000228.mp3,that's why i'm here in the middle of het desert,2,1,,female,canada,4.4,THAT'S WHY I'M HERE IN THE MIDDLE OF HOT DESERT
cv-valid-dev/sample-000229.mp3,might just as well be,1,0,fifties,male,australia,2.8,MIGHT JUST AS WELL BE
cv-valid-dev/sample-000230.mp3,the shop is closed on mondays,1,0,fifties,female,indian,2.7,THE SHOP WAS CLOSED ON MONDAY
cv-valid-dev/sample-000231.mp3,he felt uneasy at the man's presence,4,0,,,,4.4,HE FELT UNEASY AT THE MAN'S PRESENCE
cv-valid-dev/sample-000232.mp3,let's have your story,1,0,twenties,male,us,2.3,LET'S HAVE YOUR STORY
cv-valid-dev/sample-000233.mp3,it was a bundle of money,1,0,,,,2.1,IT WAS A BANDLE OF MONEY
cv-valid-dev/sample-000234.mp3,on the first day he returned with a rabbit and on the second with two birds,3,0,twenties,male,england,5.1,ON THE FIRST DAY HE RETURNED WITH A RABBIT AND ON THE SECOND WITH TWO BIRDS
cv-valid-dev/sample-000235.mp3,the boy was relieved,1,0,,,,1.8,THE BOY WAS RELIEVED
cv-valid-dev/sample-000236.mp3,if you still don't know what recursion is read this sentence again,1,0,,,,5.5,IF YOU STILL DON'T KNOW WHAT RECURSION IS READ THIS SENTENCE AGAIN
cv-valid-dev/sample-000237.mp3,the thief wasn't there and the owner brought him a cup of tea,4,0,,,,4.3,THE FHIEF WAS IN THERE THE OWNER BROUGHT HIM A CUP OF TEA
cv-valid-dev/sample-000238.mp3,they are so used to me that they know my schedule he muttered,4,0,,,,5.2,THEY ARE SO USED TO ME THAT THEY KNOW MY SCHEDULE HE MUTTERED
cv-valid-dev/sample-000239.mp3,the monk was irritated,1,0,teens,male,malaysia,2.8,THE MON WAS IRRITATED
cv-valid-dev/sample-000240.mp3,a shepherd may like to travel but he should never forget about his sheep,2,0,,,,4.6,A SHEPHERD MAY LIKE TO TRAVEL BUT HE SHALL NEVER FORGET ABOUT A SHEEP
cv-valid-dev/sample-000241.mp3,it's practically up there now,2,0,twenties,female,us,3.1,IT'S PRACTICALLY UP THERE NOW
cv-valid-dev/sample-000242.mp3,as i watched the planet seemed to grow larger and smaller,5,0,,,,4.2,AS I WATCHED THE PLANET SEEMD TO GROW LARGER AND SMALLER
cv-valid-dev/sample-000243.mp3,came to the bar he had entered on his first day there,3,0,,,,6.3,CAME TO THE BAR HE HAD ENTERED ON HIS FIRST DAY THERE
cv-valid-dev/sample-000244.mp3,the boy tried to read what was written in the sand,1,0,thirties,male,newzealand,3.4,THE BOY TRIED TO READ WHAT WAS WRITTEN IN THE SAND
cv-valid-dev/sample-000245.mp3,i read only what the birds wanted to tell me,1,0,,,,2.9,I READ ONLY WHAT THE BIRDS WANTED TO TELL ME
cv-valid-dev/sample-000246.mp3,he stuck his hand into the pouch and felt around for one of the stones,2,0,,,,4.2,HE STUCK HIS HAND INTO THE POACH AND FELT AROUND FOR ONE OF THE STONES
cv-valid-dev/sample-000247.mp3,it spread through the planet's atmosphere and obscured its more familiar features,4,0,,,,6.6,IT SPREAD THROUGH THE PLANET'S ATMOSPHERE AND OBSCURED ITS MORE FAMILIAR FEATURES
cv-valid-dev/sample-000248.mp3,an important difference is the amount of experiences that is to say inputs,1,0,,,,6.2,AN IMPORTANT DIFFERENCE IS THE AMOUNT OF EXPERIENCES THAT IS TO SAY IN PUTS
cv-valid-dev/sample-000249.mp3,you have a mania for simplifying everything answered the englishman irritated,3,0,sixties,male,us,6.6,YOU HAVE A MANIA FOR SIMPLIFYING EVERYTHING ANSWERED THE ENGLISHMAN IRRITATED
cv-valid-dev/sample-000250.mp3,where she used to live,1,0,thirties,male,us,2.3,WHERE SHE USED TO LIVE
cv-valid-dev/sample-000251.mp3,at once he connected the two incidents,2,1,,,,3.5,AT ONCE HE CONNECTED THE TWO INCIDENTS
cv-valid-dev/sample-000252.mp3,when he was a child that man wanted to travel too,8,0,,,,4.7,WHEN HE WAS A CHILD THAT MAN WANTED TO TRAVEL TOO
cv-valid-dev/sample-000253.mp3,he did find it soon after dawn and not far from the sand pits,1,0,,,,6.6,HE DID FIND IT SOON AFTER DON AND NOT FAR FROM THE SAND PITS
cv-valid-dev/sample-000254.mp3,i have already found my treasure,1,0,,,,2.1,I HAVE ALREADY FOUND MY TREASURE
cv-valid-dev/sample-000255.mp3,the boy was becoming nervous,2,0,fifties,male,us,2.5,THE BOY WAS BECOMING NERVOUS
cv-valid-dev/sample-000256.mp3,who is your friend the chief asked,2,1,,,,5.4,WHO IS YOUR FRIENND THE TRUTH ASKED
cv-valid-dev/sample-000257.mp3,the only shadow was that of the few scattered pine trees,3,0,,,,4.4,THE ONLY SHADOW WAS THAT OF THE FEW SKETTERED PINE TREE
cv-valid-dev/sample-000258.mp3,before guns were invented armies had to throw bullets at each other and if a bullet touched you you had to sit out until the next war,3,0,,,,8.8,BEFORE GONS WAIN VAINTED ARM IS LIKE TO THROW BULLER SAID HIS SHOULDER AND IF A BULLET PLUSHED YOU YOU'LL HAVE TO SEEK OUT UNDER WENIS FLOR
cv-valid-dev/sample-000259.mp3,my seven year resume gap is marked not drugs,3,0,sixties,female,scotland,5.4,MY SEVEN YEAR ESU MAY AP IS MARKED NOT DRUGS
cv-valid-dev/sample-000260.mp3,they play duets together,2,0,sixties,female,england,3.7,THEY PLAYED UETS TOGETHER
cv-valid-dev/sample-000261.mp3,he didn't know the man yet but his practiced eye would recognize him when he appeared,1,0,twenties,male,england,5.1,HE DIDN'T KNOW THE MAN YET BUT HIS PRACTISED EYE WOULD RECOGNIZE HIM WHEN HE APPEARED
cv-valid-dev/sample-000262.mp3,i'll be right back,3,0,seventies,male,us,1.8,I'LL BE RIGHT BACK
cv-valid-dev/sample-000263.mp3,she needs to get her transcripts and passport first,1,0,,,,5.4,SHE NEEDS TO GET HER TRANSCRIPTS AND PASPELAT FIRST
cv-valid-dev/sample-000264.mp3,we'll have something to drink and eat these hawks,1,0,,,,4.5,WELL HAVE SOMETHING TO DRINK AND EAT THESE HAWKS
cv-valid-dev/sample-000265.mp3,the orange fruit is not yet ripened,1,0,,,,3.5,THE ORANGE FRUIT IS NOT YET RIPENED
cv-valid-dev/sample-000266.mp3,i myself heard nothing of that,3,0,,,,3.0,I MYSELF HEARD NOTHING OF THAT
cv-valid-dev/sample-000267.mp3,you can't go any farther one of them said,1,0,fourties,male,scotland,3.1,YOU CAN'T GO ANY FARTHER ONE OF THEM SAID
cv-valid-dev/sample-000268.mp3,hires two personal trainers and make one of them train the other one,2,0,fourties,male,us,4.5,HIRES TWO PERSONAL TRAINERS AND MAKE ONE OF THEM TRAIN LEATHERLING
cv-valid-dev/sample-000269.mp3,the old man wore a breastplate of gold and he knew about my past,1,0,,,,4.8,THE OLD MAN WORE A BREAST BLADE OF GOLD AND HE KNEW ABOUT MY PAST
cv-valid-dev/sample-000270.mp3,another trick the boy thought,1,0,,,,3.6,IN AS A TRICK THE BOY THOUGHT
cv-valid-dev/sample-000271.mp3,the first baseman dropped the ball,1,0,,,,2.9,THE FIRST BASEMAN DROPPED THE BALL
cv-valid-dev/sample-000272.mp3,he paused for a moment to see if the woman knew what the egyptian pyramids were,1,0,teens,male,indian,5.4,HE PAUSED FOR A MOMENT TO SEE IF THE WOMAN KNEW WHAT THE EGYPTIAN RIMID WERE
cv-valid-dev/sample-000273.mp3,the boy noticed that the owner of the bar stood nearby listening attentively to their conversation,2,0,,,,8.4,THE BOY NOTICED THAT THE OWNER OF THE BAR STOOD NEAR BY LISTENING ATTENTIVELY TO THEIR CONVERSATION
cv-valid-dev/sample-000274.mp3,is it for further automatic processing,2,0,,,,4.2,IS IT FOR FURTHER AUTOMATIC PROCESSING
cv-valid-dev/sample-000275.mp3,once to the thief and once to the general,13,0,,,,3.4,ONCE TO THE THIEF AND ONCE TO THE GENERAL
cv-valid-dev/sample-000276.mp3,from then on the boy understood his heart,3,0,twenties,male,,4.1,FROM THEN ON THE BOY ANDERSET HIS HEART
cv-valid-dev/sample-000277.mp3,of course he's coming back here,2,0,thirties,male,us,2.7,OF COURSE HE'S COMING BACK HERE
cv-valid-dev/sample-000278.mp3,they're just a pile of stones,1,0,,,,3.3,THEY ARE JUST A PILE OF STONES
cv-valid-dev/sample-000279.mp3,i read only what the birds wanted to tell me,2,0,,,,3.6,I READ ONLY WHAT THE BIRDS WANTED TO TELL ME
cv-valid-dev/sample-000280.mp3,then who are you,1,0,,,,2.4,THEN WHO ARE YOU
cv-valid-dev/sample-000281.mp3,the night was warm and i was thirsty,6,0,,,,3.1,THE NIGHT WAS WARM AND I WAS THIRSTY
cv-valid-dev/sample-000282.mp3,there were three hundred wells fifty thousand date trees and innumerable colored tents spread among them,2,0,,,,7.5,THERE WERE THREE HUNDRED WELLS FIFTY THOUSAND DATREES AND INNUMERABLE GORTAN SPREAD IN ONE CAN
cv-valid-dev/sample-000283.mp3,i'll bet you don't really need those,2,0,,,,2.3,OH BET YOU DON'T REALLY NEED THOSE
cv-valid-dev/sample-000284.mp3,the peak of this mountain is over two thousand meters above sea level,1,0,thirties,male,scotland,4.0,THE PEAK OF THUS MOUNTAIN IS OVER TWO THOUSAND METERS ABOVE SEA LEVEL
cv-valid-dev/sample-000285.mp3,the boy watched the exchange with fascination,1,0,,,,3.9,THE BOY WATCHED THE EXCHANGE WITH FASCINATION
cv-valid-dev/sample-000286.mp3,it required no explanation just as the universe needs none as it travels through endless time,1,0,,,,8.5,IT REQUIRED NO EXPLANATION  JUST AS THE UNIVERSE NEEDS MON ES IT TRAVELS THROUGH ENDLESS TIME
cv-valid-dev/sample-000287.mp3,i won't say anything,1,0,,,,2.7,I WON'T SAY ANYTHING
cv-valid-dev/sample-000288.mp3,i always have both,1,0,fifties,female,indian,2.4,MY HONIS ATHE
cv-valid-dev/sample-000289.mp3,he didn't want to cry with the other people there,3,0,,,,4.4,HE DIDN'T WANT TO CRY WITH THE OTHER PEOPLE THERE
cv-valid-dev/sample-000290.mp3,listen to your heart,1,0,,,,2.1,LISTEN TO YOUR HEART
cv-valid-dev/sample-000291.mp3,i'm dying for what i believe,1,0,fifties,male,england,2.9,I'M DYING FOR WHAT I BELIEVE
cv-valid-dev/sample-000292.mp3,the tea seemed less bitter,2,0,,,,2.0,BE TEA SEEMED LESS BITTER
cv-valid-dev/sample-000293.mp3,our clothes are dry,1,0,fifties,male,,2.0,OUR CLOTHES ARE DRY
cv-valid-dev/sample-000294.mp3,that's the principle that governs all things he said,3,0,,,,3.2,THAT'S THE PRINCIPLE THAT GOVERNS ALL THINGS HE SAID
cv-valid-dev/sample-000295.mp3,the invaders carried the name everywhere the beautiful girl spoke of the invaders with pride,2,0,,,,6.7,THE INVADERS CARRIED THE LAME EVERYWHERE THE BEAUTIFUL GIRL SPOKE OF THE INVADERS WITH PRIDE
cv-valid-dev/sample-000296.mp3,they were relieved and happy,1,0,fifties,female,england,4.4,THEY WERE RELIEVED AND HAPPY
cv-valid-dev/sample-000297.mp3,a part of me is also trying to come to terms with the fact that i won't be able to travel as much anymore,3,0,,,,9.1,A PART OF ME IS ALSO TRYING TO COME TO TERMS WITH THE FACT THAT I WON'T BE ABLE TO TRAVEL AS MUCH ANY MORE
cv-valid-dev/sample-000298.mp3,what did i tell you,1,0,seventies,male,england,1.9,WHAT DID I TELL YOU
cv-valid-dev/sample-000299.mp3,sadly my dream of becoming a squirrel whisperer may never happen,5,2,twenties,female,canada,5.4,SADLY MY DREAM OF BECOMING A SQUIRREL WHISPERER MAY NEVER HAPPEN
cv-valid-dev/sample-000300.mp3,he tried again to concentrate on the pink shades of the desert and its stones,2,0,,,,7.9,HE TRIED AGAIN TO CONCENTRATE ON THE PINK SHADES OF THE DESERT AND ITS STONES
cv-valid-dev/sample-000301.mp3,a monk dressed in black came to the gates,1,0,,,,3.9,A MONK DRESSED IN BLACK CAME TO THE GATES
cv-valid-dev/sample-000302.mp3,then the thing came upon him in a flash,4,0,,,,3.4,THEN THE THING CAME UPON HIM IN A FLASH
cv-valid-dev/sample-000303.mp3,the boy noticed that the man's clothing was strange,2,0,teens,male,us,3.8,THE BOY NOTICED THAT THE MAN'S CLOTHING WAS STRANGE
cv-valid-dev/sample-000304.mp3,scattered groups of people were hurrying from the direction of woking,1,0,fifties,female,us,5.1,SCATTERED GROUPS OF PEOPLE WERE HURRYING FROM THE DIRECTION OF WOKING
cv-valid-dev/sample-000305.mp3,the hull of the ship collapsed,2,0,fourties,male,,1.8,THE HALF THE SHUG COLLUPS
cv-valid-dev/sample-000306.mp3,somebody had returned my lost credit card to the bank,2,0,twenties,male,canada,4.8,SOMEBODY HAD RETURNED MY LOST CREDIT CARD TO THE BANK
cv-valid-dev/sample-000307.mp3,all you've got to do is talk to him,2,0,,,,3.4,ALL YOU'VE GOT TO DO IS TALK TO HIM
cv-valid-dev/sample-000308.mp3,the englishman didn't answer him directly,1,0,,,,5.1,THE ENGLISHMAN DIDN'T ANSWER HIM DIRECTLY
cv-valid-dev/sample-000309.mp3,i can clean up those glasses in the window if you want said the boy,3,0,,,,4.9,I CAN CLEAN UP THOSE GLASSES IN THE WINDOW IF YOU WANT SAID THE BOY
cv-valid-dev/sample-000310.mp3,at the first glance it was really not very exciting,3,1,,,,4.0,AT THE FIRST GLANCE IT WAS ERENLY NOT VERY EXCITING
cv-valid-dev/sample-000311.mp3,what's this the end of the eighth,2,0,thirties,male,,2.4,WHAT'S THIS THE END OF THE EIGHT
cv-valid-dev/sample-000312.mp3,and there were dunes rocks and plants that insisted on living where survival seemed impossible,3,0,,,,7.3,AND THERE WERE GUNE'S ROCKS AND PLANTS THAT INSISTED ON LIVING WHERE A SURVIVAL SEEMED IMPOSSIBLE
cv-valid-dev/sample-000313.mp3,because you'll know its dreams and wishes and will know how to deal with them,8,0,,,,5.4,BECAUSE YOU'LL KNOW ITS DREAMS AND WISHES AND WILL KNOW HOW TO DEAL WITH THEM
cv-valid-dev/sample-000314.mp3,i have disabled some of the certificate authorities but they're not grayed out in this list,3,0,,,,6.3,I HAVE DISABLED SOME OF THE CERTIFICATE AUTHORITIES BUT THEY ARE NOT GREAT OUT IN THIS LIST
cv-valid-dev/sample-000315.mp3,the streamer of gas came out towards us,4,0,fifties,male,us,3.6,THE STREAMER OF GAS CAME OUT TOWARDS US
cv-valid-dev/sample-000316.mp3,you told me that,1,0,,,,3.3,YOU TOLD ME THAT
cv-valid-dev/sample-000317.mp3,i'm going to miss annie,1,0,fourties,male,us,2.7,I'M GOING TO MISS ANNIE
cv-valid-dev/sample-000318.mp3,he put his headcloth in place and secured it with a ring made of camel skin,3,0,,,,5.1,HE PUT HIS HEAD CLOTH IN PLACE AND SECURED IT WITH A RING MADE OF COMEL SKIN
cv-valid-dev/sample-000319.mp3,and your camels will bring you wealth and power,4,1,,,,5.2,AND YOUR CAMELS WILL BRING YOU WEALTH AND POWER
cv-valid-dev/sample-000320.mp3,we're having hamburgers,1,0,twenties,male,,2.2,WE ARE HAVING HABRUGUS
cv-valid-dev/sample-000321.mp3,at most they thought that another meteorite had descended,3,0,thirties,female,australia,4.6,AT MOST THEY THOUGHT THAT ANOTHER METEORITE HAD DESCENDED
cv-valid-dev/sample-000322.mp3,so how will we name all these hurricanes,2,1,,,,3.8,SO HOW WILL WE NAME ALL THESE HURRICANES
cv-valid-dev/sample-000323.mp3,the sea has lived on in this shell because that's its destiny,3,0,,,,5.6,THE SEA HAS LIVED ON IN THE SHELL BECAUSE THAT'S ITS DESTINY
cv-valid-dev/sample-000324.mp3,moist soil is good for the flora,2,0,,,,2.9,MOIST SOIL IS GOOD FOR THE FLORA
cv-valid-dev/sample-000325.mp3,i understand that it is your dataset and that it is new,1,0,,,,5.7,I UNDERSTAND THAT IT IS YOUR DADASET AND THAT IT IS NIL
cv-valid-dev/sample-000326.mp3,nobody's going to rush me into anything,1,0,twenties,male,us,3.7,NOBODY'S GOING TO RUSH ME INTO ANYTHING
cv-valid-dev/sample-000327.mp3,i was scared but wasted no time in going out and crossing the bridge to the sand pits,1,0,,,,7.6,I WAS SCARED BUT WASTED NO TIME IN GOING OUT AND CROSSING THE BRIDGE TO THE SAND PITS
cv-valid-dev/sample-000328.mp3,since the miner had sacrificed everything to his destiny the old man decided to become involved,2,0,twenties,male,african,6.9,SINCE THE MINER HAD SACRIFICED EVERYTHING TO HIS DESTINY THE OLD MAN DECIDED TO BECOME INVOLVED
cv-valid-dev/sample-000329.mp3,just what is the lowdown on williams,2,0,teens,male,england,1.9,JUST WHAT IS TE LOW DOWN ON WILLIAMS
cv-valid-dev/sample-000330.mp3,it's not what enters men's mouths that's evil said the alchemist,4,0,,male,us,4.7,IT'S NOT WHAT ENTERS MEN'S MOUTHS THET'S EVIL SAID THE ALCHYMIST
cv-valid-dev/sample-000331.mp3,the greatest authority on meteorites stated that the height of its first appearance was about ninety or one hundred miles,3,0,teens,female,us,7.0,THE GREATEST AUTHORITY ON METYA WRIGHTS STATED THAT THE HEIGHT OF ITS FIRST APPEARANCE WAS ABOUT NINETY OR ONE HUNDRED MILES
cv-valid-dev/sample-000332.mp3,what do you know about that,1,0,,,,1.9,WHAT DO YOU KNOW ABOUT THAT
cv-valid-dev/sample-000333.mp3,what does that get us,1,0,teens,male,us,1.7,WON DAT THAT GET US
cv-valid-dev/sample-000334.mp3,the night was warm and i was thirsty,3,0,,,,5.3,THE NIGHT WAS WONG AND I WAS THIRSTY
cv-valid-dev/sample-000335.mp3,love required them to stay with the people they loved,3,0,twenties,female,us,4.3,LOVE REQUIRED THEM TO STAY WITH THE PEOPLE THEY LOVED
cv-valid-dev/sample-000336.mp3,one night the father had a dream,3,0,,,,3.4,ONE NIGHT THE FATHER HAD A DREAM
cv-valid-dev/sample-000337.mp3,it didn't change anything,1,0,fourties,male,us,2.3,IT DIDN'T CHANGE ANYTHING
cv-valid-dev/sample-000338.mp3,i'm not good enough to make this one up,2,0,,,,2.4,I AM NOT GOOD ENOUGH TO MAKE THIS ONE UP
cv-valid-dev/sample-000339.mp3,he's doing it because it's what he wants to do,1,0,,,,4.3,HE'S DOING IT BECAUSE IT'S WHAT HE WANTS TO DO
cv-valid-dev/sample-000340.mp3,let me comb your hair,1,0,,,,1.5,LET ME CARM YOUR HAIR
cv-valid-dev/sample-000341.mp3,sometimes there's just no way to hold back the river,2,0,,,,5.2,SOMETIMES SAILS CHARLES NORVAY TO HOLD BACG SERIMO
cv-valid-dev/sample-000342.mp3,there'll be no red uprising,1,0,twenties,male,,2.3,THERE WILL BE NO RED UPRISING
cv-valid-dev/sample-000343.mp3,her height helped her with her fighting,1,0,twenties,male,canada,3.3,HER HEIGHT HELPED HER WITH HER FIGHTING
cv-valid-dev/sample-000344.mp3,but finally the merchant appeared and asked the boy to shear four sheep,2,0,,,,7.3,BUT FINALLY THE MERCHANT APPEARED AND ASKED THE BOY TO SHEAR FOR SHEEP
cv-valid-dev/sample-000345.mp3,it seemed so safe and tranquil,3,0,twenties,male,england,3.3,IT SEEMED SO SAFE AND TRANQUIL
cv-valid-dev/sample-000346.mp3,then suddenly they kneel and die,15,0,,,,3.0,THEN SUDDENLY THEY KNEEL AND DIE
cv-valid-dev/sample-000347.mp3,goats always have a better view,1,0,thirties,female,england,2.5,GIRTS ALWAYS HAVE A BETTER VIEW
cv-valid-dev/sample-000348.mp3,they're not concerned with that right now,1,0,,,,3.3,WE ARE NOT CONCERNED WITH THAT RIGHT NOW
cv-valid-dev/sample-000349.mp3,what do you think of that,1,0,,,,2.5,WHAT DO YOU THINK OF THAT
cv-valid-dev/sample-000350.mp3,i would have won the junior olympics if not for those medaling kids,1,0,,,,5.6,I WOULD HAVE WON THE JUNIOR OLYMPICS IF NOT FOR THOSE MEDDLING KIDS
cv-valid-dev/sample-000351.mp3,the turf and gravel around it seemed charred as if by a sudden explosion,13,1,twenties,male,us,7.6,THE TURF AND GRAVEL AROUND IT SEEMED CHARRED AS IF BY A SUDDEN EXPLOSION
cv-valid-dev/sample-000352.mp3,how long is it,1,0,twenties,female,us,2.5,HOW LONG IS IT
cv-valid-dev/sample-000353.mp3,but my heart is agitated the boy said,1,0,,,,3.3,BUT MY HEART IS AGITATED THE VOICE
cv-valid-dev/sample-000354.mp3,i need you to be spontaneous he asked me out to din din,3,0,fifties,male,malaysia,5.4,I NEED YOU TO BE SPONTANEOUS HE ASKED ME OUT TO DIN DIN
cv-valid-dev/sample-000355.mp3,it was dropping off in flakes and raining down on the sand,1,0,thirties,female,us,6.6,IT WAS DROPPING OFF IN FLAKES AND RAINING DOWN ON THE SAND
cv-valid-dev/sample-000356.mp3,where you got him,1,0,twenties,other,us,1.2,WHERE YOU GOT HIM
cv-valid-dev/sample-000357.mp3,then i don't get paid,5,0,,,,3.5,THEN I DON'T GET PAID
cv-valid-dev/sample-000358.mp3,we don't know when the war will end so we can't continue our journey he said,2,0,fourties,female,us,6.0,WE DON'T KNOW WHEN THE WAR WILL END SO WE CAN'T CONTINUE OUR JOURNEY HE SAID
cv-valid-dev/sample-000359.mp3,his new friend pushed the owner aside and pulled the boy outside with him,2,0,twenties,male,us,4.3,HIS NEW FRIEND PUSHED THE OWNERS ASIDE AND PULLED THE BOY OUTSIDE WITH HIM
cv-valid-dev/sample-000360.mp3,where's the old goat,1,0,,,,1.9,WHERE IS THE OLD GOLD
cv-valid-dev/sample-000361.mp3,the boy stepped closer to the girl and when she smiled he did the same,1,0,,,,6.7,THE BOY STEPPED CLOSER TO THE GIRL AND WHEN SHE SMILED HE DID THE SAME
cv-valid-dev/sample-000362.mp3,my name is melchizedek said the old man,1,0,,,,5.2,MY NAME IS MELCHUSEREK SAID THE OLD MAN
cv-valid-dev/sample-000363.mp3,then you taught me something of the universal language and the soul of the world,1,0,,,,8.4,THEN YOU TAUGHT ME SOMETHING OF THE UNIVERSAL LANGUAGE AND THE SOUL OF THE WORLD
cv-valid-dev/sample-000364.mp3,then suppose you give me the money,1,0,,,,3.1,THEN SUPPOSE YOU GIVE ME THE MONEY
cv-valid-dev/sample-000365.mp3,she set it on the shelf and there it stayed,1,0,fifties,male,australia,4.1,SHE FEDIT ON THE SHALF AND DEISTATE
cv-valid-dev/sample-000366.mp3,she likes you well enough to stick around,2,0,,,,2.4,SHE LIKES YOU WELL ENOUGH TO STICK AROU
cv-valid-dev/sample-000367.mp3,the boy was strong and wanted to retaliate but he was in a foreign country,2,0,fourties,female,us,7.0,THE BOY WAS STRONG AND WANTED TO RETALIATE BUT HE WAS IN A FOREIGN COUNTRY
cv-valid-dev/sample-000368.mp3,so you know about love the boy said,3,0,,,,4.0,SO YOU KNOW ABOUT LOVE THE BOY SAID
cv-valid-dev/sample-000369.mp3,i heard a peculiar humming sound from the pit,2,1,,,,3.3,OUR HEART ARE PECULAR HAMMITON FROM THE PIT
cv-valid-dev/sample-000370.mp3,if he abandons that pursuit it's because it wasn't truelove,8,0,,,,6.0,IF HE ABANDONS THAT PURSUIT IT'S BECAUSE IT WASN'T TRUE LOVE
cv-valid-dev/sample-000371.mp3,everyone seemed very excited,1,0,twenties,male,,3.5,EVERYONE SEEMED VERY EXCITED
cv-valid-dev/sample-000372.mp3,the oasis is neutral ground,3,0,thirties,male,,3.4,THE OASIS IS NEUTRAL GROUND
cv-valid-dev/sample-000373.mp3,ask the owner of that stall how much the sword costs he said to his friend,1,0,,,,6.2,ASKS ONOR OF DATSTON HOW MUCH IS WHAT GOES HE SAID TO HIS FRIEND
cv-valid-dev/sample-000374.mp3,now leave us alone said the boy to the young arab,5,0,,,,3.4,NOW LEAVE US ALONE SAID THE BOY TO THE YOUNG ARAB
cv-valid-dev/sample-000375.mp3,it's called the principle of favorability beginner's luck,1,0,fifties,male,england,5.4,IT'S CALLED THE PRINCIPLE OF FAVOURABILITY BEGINNER'S LUCK
cv-valid-dev/sample-000376.mp3,do you want to bankrupt this administration,1,0,,,,4.0,DO YOU WANT TO BANKRUPT THIS ADMINISTRATION
cv-valid-dev/sample-000377.mp3,i'm just a man who wanders the desert and knows the stars said the alchemist,1,0,teens,male,england,4.8,I AM JUST A MAN WHO WONDERS A DESERT AND KNOWS THE STARS SAID THE ALCHEMIST
cv-valid-dev/sample-000378.mp3,i dont mind working from home most of the time but i do miss having coworkers,3,0,thirties,male,,6.7,I DON'T MIND WARKING FROM HOME MOST OF THE TIME BUT I DO MISHAVING POOR WORKERS
cv-valid-dev/sample-000379.mp3,he dressed in his arabian clothing of white linen bought especially for this day,2,1,,,,6.8,HE DRESSED IN HIS ARABIAN CLOTHING OF VIED LINEN BOUGHT ESPECIALLY FOR THIS DAY
cv-valid-dev/sample-000380.mp3,i'll bet you don't really need those,2,0,,,,2.9,I'LL BET YOU DON'T REALLY NEED LOSE
cv-valid-dev/sample-000381.mp3,he's on my phone,2,1,twenties,female,,1.8,HE IS ON MY FAM
cv-valid-dev/sample-000382.mp3,the lightbulbs need changing again,2,0,,,,3.5,SELYDBERB'S NEED CHANGING AGAIN
cv-valid-dev/sample-000383.mp3,there were three hundred wells fifty thousand date trees and innumerable colored tents spread among them,3,0,,,,6.4,THERE WERE THREE HUNDRED WELLS FIFTY THOUSAND DAITRIES AND INNUMERABLE COLORED TENTS SPREAD AMONG THEM
cv-valid-dev/sample-000384.mp3,i locked eyes with a fish in the tank,8,1,,,,2.9,I LOCKED EYES WITH THE FISH IN THE TANK
cv-valid-dev/sample-000385.mp3,goats always have a better view,1,0,twenties,male,indian,2.8,GOODS ALWAYS HAVE A BET OF YIEW
cv-valid-dev/sample-000386.mp3,she reversed the charges,2,0,,,,3.6,SHE REVERSED THE CHARGES
cv-valid-dev/sample-000387.mp3,i got two giant bug bites on my right leg from last night and they hurt,1,0,fourties,male,us,6.1,I GOT TWO GIANT BUGBITES ON MY RIGHT LEG FROM LAST NIGHT AND THEY HURT
cv-valid-dev/sample-000388.mp3,now you listen to me,1,0,fourties,female,england,2.0,NOW YOU LISTEN TO ME
cv-valid-dev/sample-000389.mp3,something inside the cylinder was unscrewing the top,3,0,,,,4.0,SOMETHING INSIDE THE CYLINDER WAS UNSCREWING THE TOP
cv-valid-dev/sample-000390.mp3,this was the strangest of all things that ever came to earth from outer space,3,0,,,,6.1,THIS WAS THE STRANGEST OF ALL THINGS THAT EVER CAME TO EARTH FROM OUTER SPACE
cv-valid-dev/sample-000391.mp3,a current of love rushed from his heart and the boy began to pray,1,0,,,,7.3,A CURRENT OF LOVE RUSHED FROM HIS HEART AND THE BOY BEGAN TO PRAY
cv-valid-dev/sample-000392.mp3,she cried for an hour,3,0,,,,2.4,SHE PRIED FOR AN HOUR
cv-valid-dev/sample-000393.mp3,the immense collection of people and animals began to travel faster,2,1,fifties,female,us,3.9,THE IMMENSE COLLECTION OF PEOPLE AND ANIMALS BEGAN TO TRAVEL BASTER
cv-valid-dev/sample-000394.mp3,you can only spit out so many seeds,1,0,twenties,male,,2.5,YOU CAN ONLY SPIT OUT SO MANY SEATS
cv-valid-dev/sample-000395.mp3,there's no danger the boy said when they had moved on past the encampment,2,0,,,,5.2,THERE'S NO DANGER THE BOY SAID WHEN THEY HAD MOVED ON PAST THE ENCAMPMENT
cv-valid-dev/sample-000396.mp3,that's the main idea,2,0,,,,1.7,THAT'S THE MAIN IDEA
cv-valid-dev/sample-000397.mp3,since the miner had sacrificed everything to his destiny the old man decided to become involved,2,0,,,,6.5,SINCE THE MINER HAD SACRIFICED EVERYTHING TO HIS DESTINY THE OLD MAN DECIDED TO BECOME INVOLVED
cv-valid-dev/sample-000398.mp3,the turf and gravel around it seemed charred as if by a sudden explosion,1,0,,,,4.8,THE TURF AND GRAVEL AROUND IT SEEMED CHARMED AS IF BY A SUDDEN EXPLOSION
cv-valid-dev/sample-000399.mp3,i haven't any watch,4,0,,,,2.7,I HAVEN'T ANY WATCH
cv-valid-dev/sample-000400.mp3,the forest burned for thirteen days,1,0,,,,3.5,THE FOREST BURNED FOR THIRTEEN DAYS
cv-valid-dev/sample-000401.mp3,it's what you have always wanted to accomplish,2,1,,,,3.1,WHATYMEU ALWAYS WANTED TO ACCOMPLISH
cv-valid-dev/sample-000402.mp3,did you say a king he asked,2,0,,,,5.0,DID YOU SAY A KING HE ASKED
cv-valid-dev/sample-000403.mp3,she's a feisty little ferret,2,0,,,,3.0,SHE'S A FASTY LITTLE FERRET
cv-valid-dev/sample-000404.mp3,please use your turn signal,1,0,,,,3.8,PLEASE USE YOUR TURN SIGNAL
cv-valid-dev/sample-000405.mp3,she was supposed to come down and get you,1,0,twenties,male,england,3.9,SHE WAS SUPPOSED TO COME DOWN AND GET YOU
cv-valid-dev/sample-000406.mp3,artificial neural networks can do something very similar,2,0,seventies,male,england,4.5,ARTIFICIAL NURAL NETWORKS CAN DO SOMETHING VERY SIMILAR
cv-valid-dev/sample-000407.mp3,i feel grateful for the time that we have spend together,1,0,fifties,female,indian,3.9,I FEEL GRATEFUL FOR THE TIME THAT WE HAVE SPENT TOGETHER
cv-valid-dev/sample-000408.mp3,he wandered for a while keeping the date palms of the oasis within sight,1,0,,,,6.4,HE WANDERED FOR A WHILE KEEPING WITH DEAD PANTS ON THE OISYSIFFINSIDE
cv-valid-dev/sample-000409.mp3,he's watching the other door,1,0,,,,2.0,HE IS WATCHING THE OTHER DOOR
cv-valid-dev/sample-000410.mp3,and the leader posted armed sentinels at the fringes of the group,2,0,,,,6.5,AND THE LEADER POSTED ARNED SANTINELS AT THE FRINGES OF THE GROUP
cv-valid-dev/sample-000411.mp3,pizza is an italian classic,1,0,,,,2.9,PITA IS AN ITALIAN CLASSIC
cv-valid-dev/sample-000412.mp3,activists claim the pipeline through the baltic sea is leaking,1,0,,,,4.5,ACTIVUSTS CLAIM THE PIPELINE THROUGH THE BALTIC SEAS LEAKING
cv-valid-dev/sample-000413.mp3,a little lemongrass should freshen it up,2,0,,,,3.5,A LITTLE LEMON GRASS SHOULD FRESHEN IT UP
cv-valid-dev/sample-000414.mp3,you can't be the wind the wind said,2,0,,,,2.8,YOU CAN'T BE THE WIND THE WIND SAID
cv-valid-dev/sample-000415.mp3,it was a litmus test,2,0,twenties,male,us,2.6,IT WAS ELYTMA'S TEST
cv-valid-dev/sample-000416.mp3,she probably worked it out in advance,1,0,,,,4.3,SHE PROBABLY WARKED IT OUT IN ADVANCE
cv-valid-dev/sample-000417.mp3,when he's an old man he's going to spend a month in africa,1,0,,,,7.1,WHEN HE IS AN OLD MAN HE IS GOING TO SPEND A MONTH IN AFRICA
cv-valid-dev/sample-000418.mp3,the guy thought he was a lunatic at large and made an unsuccessful attempt to stop him,2,1,,,,5.7,THE GUY THOUGHT HE WAS LUNATIC AT LARGE AND MADE AN UNACCESSFUL ATTEMPT TO STOP HIM
cv-valid-dev/sample-000419.mp3,the rest of you get in here and riot,1,0,,,,3.2,THE RISK IF YOU GET IN HERE AND RIDE
cv-valid-dev/sample-000420.mp3,i want my husband to wander as free as the wind that shapes the dunes,1,0,,,,4.7,I WANT MY HUSBAND TO WANDER AS FREE AS THE WIND THAT SHAPES THE DUNES
cv-valid-dev/sample-000421.mp3,she's accused of stealing a watch,1,0,,,,3.2,SHE IS ACCUSED OF STEALING WATCH
cv-valid-dev/sample-000422.mp3,don't ask me why i don't know why,1,0,,,,3.0,DON'T ASK ME WHY I DON'T KNOW WHY
cv-valid-dev/sample-000423.mp3,he approached the mass and was surprised at the size and the shape,2,1,,,,5.6,HE APPROACHED THE MASS AND WAS SURPRISED AT THE SIZE AND THE SHAPE
cv-valid-dev/sample-000424.mp3,a ghostly figure appeared,2,0,sixties,male,ireland,2.1,A GHOSTLY FIGURE APPEARED
cv-valid-dev/sample-000425.mp3,what's the good of arguing about something that probably doesn't exist,1,0,twenties,male,us,6.0,WHAT'S THE GOOD OF ARGUING ABOUT SOMETHING THAT PROBABLY DOESN'T EXIST
cv-valid-dev/sample-000426.mp3,that sobered him a little,4,0,,,,2.3,THAT SOBERED HIM A LITTLE
cv-valid-dev/sample-000427.mp3,but she is gone,1,0,,,,3.7,BUT SHE IS GONE
cv-valid-dev/sample-000428.mp3,i've crossed these sands many times said one of the camel drivers one night,4,0,,,,5.1,I'VE CROSSED THESE SANDS MANY TIMES SAID ONE OF THE CAMEL DRIVERS ONE NIGHT
cv-valid-dev/sample-000429.mp3,without responding the guard entered the tent where he remained for some time,1,0,fifties,female,england,7.5,WITHOUT RESPONDING THE GUARD ENTERED THE TENT WHERE HE REMAINED FOR SOME TIME
cv-valid-dev/sample-000430.mp3,i don't want anything else in life,3,0,,,,2.8,I DON'T WANT ANYTHING ELSE IN LIFE
cv-valid-dev/sample-000431.mp3,it was only when i got this close to it that the strangeness of it was at all evident to me,3,0,,,,7.1,IT WAS ONLY WHEN I GOT THIS CLOSE TO IT THAT THE STRANGENESS OF IT WAS ALL EVIDENT TO ME
cv-valid-dev/sample-000432.mp3,he transformed himself into a stone that rolled up to the miner's foot,1,0,,,,5.5,HE TRANSFORMED HIMSELF INTO A STONE THAT ROLLED UP TO THE MINER'S FOOT
cv-valid-dev/sample-000433.mp3,the day was hot and the wine was refreshing,6,0,,,,4.2,THE DAY WAS HOT AND THE WINE WAS REFRESHING
cv-valid-dev/sample-000434.mp3,the hand with the whip pointed to the south,2,1,,,,3.9,THE HAND WITH THE WHIP POINTED TO THE SALT
cv-valid-dev/sample-000435.mp3,and then he perceived it very slowly,2,0,twenties,male,australia,5.3,AND THEN HE PERCEIVED IT VERY SLOWLY
cv-valid-dev/sample-000436.mp3,i would appreciate if you could create a concise table,7,0,thirties,male,england,5.5,A WOULD APPRECIATE IF YOU COULD CREATE A CONCISE TABLE
cv-valid-dev/sample-000437.mp3,and also because i know about the soul of the world he thought to himself,1,0,,,,5.9,AND ALSO BECAUSE I KNOW ABOUT THE SOUL OF THE WORLD HE THOUGHT BY HIMSELF
cv-valid-dev/sample-000438.mp3,don't you push me around like that,1,0,twenties,male,england,3.5,DON'T YOU PUSH ME AROUND LIKE THAT
cv-valid-dev/sample-000439.mp3,the boy felt a pang in his heart thinking about the merchant's daughter,2,0,,,,4.9,THE BOY FELT A PANG IN HIS HEART THINKING ABOUT THE MERCHANT'S DAUGHTER
cv-valid-dev/sample-000440.mp3,i'm going to find that damned alchemist the englishman thought,3,0,,,,4.6,I'M GOING TO FIND THAT DAMNED ALCHEMIST THE ENGLISHMAN THOUGHT
cv-valid-dev/sample-000441.mp3,they were looking only for gold his companion answered,4,1,fourties,male,us,2.9,THEY WERE LOOKING ONLY FOR GOLD HIS COMPANION ANSWERED
cv-valid-dev/sample-000442.mp3,the boy remembered an old proverb from his country,3,0,,,,5.8,THE BOY REMEMBERED AN OLD PROVERB FROM HIS COUNTRY
cv-valid-dev/sample-000443.mp3,we must be good,1,0,,,,1.7,WE MUST BE GOOD
cv-valid-dev/sample-000444.mp3,you're supposed to be the one that has all the answers,2,0,sixties,male,us,3.4,YOU'RE SUPPOSE TO BE THE ONE THAT HAS ALL THE ONSES
cv-valid-dev/sample-000445.mp3,and the odor of the animals became a bit more tolerable,1,0,fourties,male,newzealand,4.2,AND THE ODOUR OF THE ANIMALS BECAME A BOOK MORE TOLERABLE
cv-valid-dev/sample-000446.mp3,he really was a king a wise king,4,0,,,,6.2,HE REALLY WAS A KING A WISE KING
cv-valid-dev/sample-000447.mp3,the high humidity is making me sweat,1,0,twenties,male,us,2.4,THE HIGH HUMIDITY IS MAKING ME SWEAT
cv-valid-dev/sample-000448.mp3,it's usually customary to bring the money with you,1,0,,,,8.5,IT'S USUALLY CUSTOMARY TO BRING THE MONEY WITH YOU
cv-valid-dev/sample-000449.mp3,i imagine this will be a surprise to some people,1,0,,,,4.0,I IMAGINE THIS WILL BE A SURPRISE TO SOME PEOPLE
cv-valid-dev/sample-000450.mp3,we'd better forget it,2,0,,,,1.7,WE'D BETTER FORGET IT
cv-valid-dev/sample-000451.mp3,the old woman had said the same thing,3,0,,,,4.6,THE OLD WOMAN HAD SAID THE SAME THING
cv-valid-dev/sample-000452.mp3,men dream more about coming home than about leaving the boy said,1,0,,,,6.4,MEN DREAM MORE ABOUT COMING HOME THAN ABOUT LEAVING THE BOY SAID
cv-valid-dev/sample-000453.mp3,well usually i learn more from my sheep than from books he answered,3,0,twenties,male,us,4.8,WELL USUALLY I LEARN MORE FROM MY SHEEP THAN FROM BOOKS HE ANSWERED
cv-valid-dev/sample-000454.mp3,adam is a crook,3,0,thirties,male,england,2.0,ADAM AS A CROOK
cv-valid-dev/sample-000455.mp3,every day was there to be lived or to mark one's departure from this world,3,0,,,,5.6,EVERY DAY WAS THERE TO BE LIVED OR TO MARK ONE'S DEPARTURE FROM THIS WORLD
cv-valid-dev/sample-000456.mp3,this is for you he said holding one of the parts out to the monk,7,1,,male,us,4.4,THIS IS FOR YOU HE SAID HOLDING ONE OF THE PARTS OUT TO THE MONK
cv-valid-dev/sample-000457.mp3,you point to a trail of ants leading into the house,1,0,,,,4.3,YOU POINT TO A TRAIL OF ANTS LEADING INTO THE HOUSE
cv-valid-dev/sample-000458.mp3,and i told harry i thought i'd be bored to death,1,0,fifties,female,australia,7.2,AND I THOUGHT HAY I THOUGHT I'D BEWOLVED TO DEATH
cv-valid-dev/sample-000459.mp3,it was his heart that would tell him where his treasure was hidden,3,0,,,,4.2,IT WAS HIS HEART THAT WOULD TELL HIM WHERE HIS TREASURE WAS HIDDEN
cv-valid-dev/sample-000460.mp3,how do you think the table looks,1,0,twenties,male,us,1.9,HOW D'YOU THINK THE TABLE LOOKS
cv-valid-dev/sample-000461.mp3,putting a pool under this floor was a great idea,1,0,thirties,female,england,3.8,PUTTING A POOL UNDER THIS FLOOR WAS A GREAT IDEA
cv-valid-dev/sample-000462.mp3,he got up adjusted his clothing and picked up his pouch,2,0,,,,5.1,HE GOT UP ADJUSTED HIS CLOTHING AND PICKED UP HIS POUCH
cv-valid-dev/sample-000463.mp3,i want to see him do it said the chief,3,0,twenties,male,us,2.6,I WANT TO SEE HIM DO IT SAID THE CHIEF
cv-valid-dev/sample-000464.mp3,two years ago right here on this spot i had a recurrent dream too,2,0,,,,5.1,TWO YEARS AGO WRITIN ON THIS PLOT I HAD A RECURREN DREAM TO
cv-valid-dev/sample-000465.mp3,bacon pancakes and maple syrup is a hearty start to any day,2,0,fifties,female,us,5.3,BACON PANCAKES AND MAPLE SYRUP IS A HEARTY START TO ANY DAY
cv-valid-dev/sample-000466.mp3,i never knew grandma to be so determined before,1,0,thirties,male,us,4.1,I NEVER KNEW GRANDMA TO BE SO DETERMINED BEFORE
cv-valid-dev/sample-000467.mp3,the genies were the spirits of good and evil,3,0,twenties,female,us,2.9,THE GENIES WERE THE SPIRITS OF GOOD AND EVIL
cv-valid-dev/sample-000468.mp3,it's true life really is generous to those who pursue their destiny the boy thought,9,0,fifties,male,us,4.9,IT'S TRUE LIFE REALLY IS GENEROUS TO THOSE WHO PURSUE THEIR DESTINY THE BOY
cv-valid-dev/sample-000469.mp3,are you going to talk or aren't you,1,0,,,,2.1,ARE YOU GOING TO TALK OR WANT YOU
cv-valid-dev/sample-000470.mp3,he said he had never seen any like them,2,0,thirties,female,us,3.9,HE SAID HE HAD NEVER SEEN ANY LIKE THEM
cv-valid-dev/sample-000471.mp3,we lit the lantern and walked over to his house,6,0,,,,3.4,WE LIT THE LANTERN AND WALKED OVER TO HIS HOUSE
cv-valid-dev/sample-000472.mp3,i got drunk yesterday and thought i built a super computer,5,0,,,,5.2,I GOT DRUNK YESTERDAY AND THOUGHT I BUILT A SUPERCOMPUTER
cv-valid-dev/sample-000473.mp3,jim became head of the draft board,2,0,,,,2.3,DUMBECAME HEAT OF THE DRAUGHTBOD
cv-valid-dev/sample-000474.mp3,he took the fourth part and handed it to the monk,1,0,,,,5.1,HE TOOK THE FOURTH PART AND HANDED IT TO THE MONK
cv-valid-dev/sample-000475.mp3,maktub thought the boy,1,0,,,,3.6,MAC TUB THOUGHT THE BOY
cv-valid-dev/sample-000476.mp3,exactly answered the alchemist,1,0,fifties,male,,3.0,EXACTLY ANSAID THE ALCHENIST
cv-valid-dev/sample-000477.mp3,a large piece suddenly came off and fell with a loud and sharp noise,4,0,,,,5.9,A LARGE PIECE SUDDENLY CAME OFF AND FELL WITH A LOUD AND SHARP NOISE
cv-valid-dev/sample-000478.mp3,the airplane rose gracefully into the sky,3,0,,,,3.1,THE AIRPLANE ROSE GRACEFULLY INTO THE SKY
cv-valid-dev/sample-000479.mp3,it's too bad that he's quickly going to forget my name he thought,4,0,,,,5.4,IT'S TOO BAD THAT HE'S QUICKLY GOING TO FORGET MY NAME HE THOUGHT
cv-valid-dev/sample-000480.mp3,nobody wanted to discuss how we all ended up trapped in a giant lunchbox,2,0,,,,7.0,NOBODY WANTED TO DISCUSS HOW WE ALL ENDED UP TRAPPED IN A GIANT LUNCH BOX
cv-valid-dev/sample-000481.mp3,nature knows me as the wisest being in creation the sun said,2,0,,,,5.1,NATURE KNOWS ME AS THE WISEST BEING IN CREATION THE SUN SAIT
cv-valid-dev/sample-000482.mp3,like everybody learns he said,2,0,,,,3.9,LIKE EVERYBODY LEARNS HE SAID
cv-valid-dev/sample-000483.mp3,i know why i want to get back to my flock he thought,2,1,fifties,male,us,4.8,I KNOW WHY I'L WANT TO GET BACK TO MY FLOCK HE TAL
cv-valid-dev/sample-000484.mp3,and because the tribes declared war i went to the well seeking the alchemist,5,0,,,,5.7,AND BECAUSE THE TRIBES DECLARED WAR I WENT TO THE WELL SEEKING THE ALCHEMIST
cv-valid-dev/sample-000485.mp3,but they really don't know what they're saying,1,0,,,,5.6,BUT THEY REALLY DON'T KNOW WHAT THEY ARE SAYING
cv-valid-dev/sample-000486.mp3,she went over to the hospital to call on professor davis,3,0,,,,3.7,SHE WENT OVER TO THE HOSPITAL TO CALL HIM PROFESSOR DAVIS
cv-valid-dev/sample-000487.mp3,he reached over and picked up a shell from the ground,3,0,,,,4.1,HE REACHED OVER AND PICKED UP A SHELF ON THE GROUND
cv-valid-dev/sample-000488.mp3,i can't quite hear you,1,0,fifties,female,indian,2.7,I CAT QUITE I YOU
cv-valid-dev/sample-000489.mp3,maybe these desert birds could explain to him the meaning of love without ownership,1,0,sixties,male,england,5.5,MAYBE THESE DESERT BORDS COULD EXPLAIN TO HIM THE MEANING OF LOVE WITHOUT OWNERSHIP
cv-valid-dev/sample-000490.mp3,the streamer of gas came out towards us,1,0,,,,4.7,THE STREAMER OF GAS CAME OUT TOWARDS US
cv-valid-dev/sample-000491.mp3,but now the sounds inside had stopped,3,0,,,,3.1,BY NOW THE SOUNDS INSIDE ID SPELT
cv-valid-dev/sample-000492.mp3,send those other people in,1,0,fourties,male,england,1.9,SEND THOSE OTHER PEOPLE IN
cv-valid-dev/sample-000493.mp3,that's a christmas present from a very dear friend of mine,1,0,thirties,male,,3.5,THAT'S A CHRISTMAS PRESENT FROM A VERY DEAR FRIEND OF MINE
cv-valid-dev/sample-000494.mp3,among these people were a couple of cyclists a gardener i employed sometimes and a girl carrying a baby,6,0,,,,9.5,AMONG THESE PEOPLE WERE A COUPLE OF CYCLISTS A GARDENER I EMPLOYED SOMETIMES AND A GIRL CARRYING A BABY
cv-valid-dev/sample-000495.mp3,maybe we're all that way the boy mused,3,0,,,,3.0,MAYBE WEALL ALL THAT WAY THE BOY MULE
cv-valid-dev/sample-000496.mp3,i want those stamps,2,0,,,,2.6,I WANT THOSE STAMPS
cv-valid-dev/sample-000497.mp3,he was just and good,2,0,fifties,male,england,3.1,HE WAS JUST AND GOOD
cv-valid-dev/sample-000498.mp3,we lit the lantern and walked over to his house,3,0,,,,4.8,WE LIT THE LANTERN AND WALKED OVER TO HIS HOUSE
cv-valid-dev/sample-000499.mp3,we can't leave greg here,2,0,,,,2.3,WE CAN'T LEAVE GREG HERE
cv-valid-dev/sample-000500.mp3,rate a conflict of visions zero points,1,0,,,,7.2,RATES AND CONFLICTS OF RESIANS ZERO POINTS
cv-valid-dev/sample-000501.mp3,they made the boy continue digging but he found nothing,4,0,,,,4.8,THEY MADE THE BOY CONTINUE DIGGING BUT HE FOUND NOTHING
cv-valid-dev/sample-000502.mp3,without the dataset the article is useless,1,0,fifties,male,england,4.8,WITHOUT THE DATO SET THE ARTICLE IS USELESS
cv-valid-dev/sample-000503.mp3,i had seen all that it would presently bring me,3,0,,,,4.0,I HAVE SEEN ALL THAT IT WOULD PRESENTLY BRING ME
cv-valid-dev/sample-000504.mp3,don't ask me why i don't know why,4,0,,,,3.1,DON'T ASK ME WHY I DON'T KNOW WHY
cv-valid-dev/sample-000505.mp3,the guy thought he was a lunatic at large and made an unsuccessful attempt to stop him,2,0,,,,6.6,LAGUY THOUGHT HE WAS A LUNATIC AT LARGE AND MADE AN UNSUCCESSFUL ATTEMPT TO STOP HIM
cv-valid-dev/sample-000506.mp3,it left a greenish streak that glowed for some seconds,3,1,,,,5.5,IT LEFT A GREENISH STREAK THAT GLOWED FOR SOME SECONDS
cv-valid-dev/sample-000507.mp3,the first rule of don't fight club is let's talk about it,4,0,,,,4.5,THE FARGE RULE OF DON'T FIGHT CLUB IS LESS TALK ABOUT IT
cv-valid-dev/sample-000508.mp3,i had to test your courage the stranger said,3,0,,,,4.2,I HAD TO TEST YOUR COURAGE THE STRANGER SAID
cv-valid-dev/sample-000509.mp3,my tax dollars pay for those public school proms,5,0,fifties,female,australia,3.7,MY TEXT DOLLARS PAY FOR THOSE PUBLIC SCHOOL PROMS
cv-valid-dev/sample-000510.mp3,then he dropped his spade picked up his jacket and came out into the road,4,0,twenties,male,,8.1,THEN HE DROPPED HIS SPADE PICKED UP HIS JACKET AND CAME OUT INTO THE ROAD
cv-valid-dev/sample-000511.mp3,you don't have to be rich skinny popular or even own a cape to perform a random act of kindness,2,0,,,,9.3,YOU DON'T HAVE TO BE RICH SKINNY POPULAR OR EVEN OWN A CAPE TO PERFORMAL RANDOMACT OF KINDNESS
cv-valid-dev/sample-000512.mp3,i don't want any part of this thing,2,0,twenties,male,,3.9,I DON'T WANT ANY PART OF THIS THING
cv-valid-dev/sample-000513.mp3,he was learning a lot of new things,3,0,,,,2.8,HE WAS LEARNING A LOT OF NEW THINGS
cv-valid-dev/sample-000514.mp3,the boy turned to the hand that wrote all,3,0,,,,4.7,THE BOY TURNED TO THE HAND THAT WROTE ALL
cv-valid-dev/sample-000515.mp3,how are the weights computed,1,0,fifties,male,australia,1.7,HOW ARE THE WEIGHTS COMPUTED
cv-valid-dev/sample-000516.mp3,he was immensely excited at the news,2,1,fourties,male,,3.3,HE WAS IMMENSELY EXCITED AT THE NEWS
cv-valid-dev/sample-000517.mp3,but the king of salem hoped desperately that the boy would be successful,1,0,,,,5.3,BUT THE KING OF SOLOM HOPED DESPERATELY THAT THE BOY WOULD BE SUCCESSFUL
cv-valid-dev/sample-000518.mp3,then he realized that he had been distracted for a few moments looking at the sword,2,1,,,,6.0,THEN HE REALIZED THAT HE HAD BEEN DISTRACTED FOR A FEW MOMENTS LOOKING AT THE SWORD
cv-valid-dev/sample-000519.mp3,the boy looked around him at the date palms,1,0,,,,6.7,THE BOY LOOKED AROUND HIM AT THE DATE PALMS
cv-valid-dev/sample-000520.mp3,and it's not love to see everything from a distance like you do,3,0,teens,male,australia,4.8,AND IT'S NOT LOVE TO SEE EVERYTHING FROM A DISTANCE LIKE YOU DO
cv-valid-dev/sample-000521.mp3,the problem is that they don't even realize that they're walking a new road every day,1,0,,,,6.1,THE PROBLEM IS THAT THEY DON'T EVEN REALIZE THAT THEY'RE WALKING A NEW ROAD EVERY DAY
cv-valid-dev/sample-000522.mp3,i was right there and saw it with my own eyes,3,0,,,,2.8,I WAS RIGHT THERE AND SAW IT WITH MY OWN EYES
cv-valid-dev/sample-000523.mp3,meanwhile the old man persisted in his attempt to strike up a conversation,1,0,teens,male,,5.6,MEANWHILE THE OLD MAN PERSISTED IN HIS ATTEMPT TO STRIKE UP A CONVERSATION
cv-valid-dev/sample-000524.mp3,he just got a new kite for his birthday,5,0,,,,4.4,HE JUST GOT A NEW KITE FOR HIS BIRTHDAY
cv-valid-dev/sample-000525.mp3,i'm going out and find them,2,0,,,,2.1,AND GOING OUT AND FIND THEM
cv-valid-dev/sample-000526.mp3,i have known true alchemists the alchemist continued,2,0,,,,4.3,I AM NON TRALCHMIS THE ALCHYMIST CONTINUED
cv-valid-dev/sample-000527.mp3,revenge is not my style but obviously accidents will happen,1,0,,,,4.9,REVENGE IS NOT MY STYLE BUT OBVIOUSLY ACCIDENTS WILL HAPPEN
cv-valid-dev/sample-000528.mp3,i told you that your dream was a difficult one,3,0,twenties,male,england,2.6,I TOLD YOU THAT YOUR DREAM WAS A DIFFICULT ONE
cv-valid-dev/sample-000529.mp3,did you find it,2,0,,,,1.3,DID YOU FIND IT
cv-valid-dev/sample-000530.mp3,i wish i could go back to the hospital,2,0,,,,3.9,I WISH I COULD GO BACK TO THE HOSPITAL
cv-valid-dev/sample-000531.mp3,i heard what you were talking about the other day with the alchemist the wind said,3,0,,,,4.2,I HEARD WHAT YOU WERE TALKING ABOUT THE OTHER DAY WITH THE ALCHYMISTS THE WIND SAID
cv-valid-dev/sample-000532.mp3,shoot through the desk,1,0,thirties,female,australia,2.4,SHOOT THROUGH THE DESK
cv-valid-dev/sample-000533.mp3,the boy began to dig into the dune,3,0,teens,male,,2.4,THE BOY BEGAN TO DIG INTO THE DUN
cv-valid-dev/sample-000534.mp3,there were really i think two or three hundred people elbowing one another,6,0,,,,5.7,THERE WERE REALLY I THINK TWO OR THREE HUNDRED PEOPLE ALBOWED ONE ANOTHER
cv-valid-dev/sample-000535.mp3,why don't you fellows get your own news,3,0,,,,3.1,WHY DON'T YOU FELLOWS GET YOUR OWN NEWS
cv-valid-dev/sample-000536.mp3,the conversation was interrupted by the warehouse boss,2,1,,,,4.1,THE CONVERSATION WAS INTERRUPTED BY THE WAREHOUSE BALLS
cv-valid-dev/sample-000537.mp3,i'll tell you why they did it,1,0,,,,2.1,I'LL TELL YOU WHY THEY DID IT
cv-valid-dev/sample-000538.mp3,the burning fire had been extinguished,3,1,,,,4.3,THE BONIFIER HAD BEEN EXTINGUISHED
cv-valid-dev/sample-000539.mp3,the years of research the magic symbols the strange words and the laboratory equipment,3,0,,,,9.2,THE YEARS OF RESEARCH THE MAGIC SYMBOLS THE STRANGE WORDS AND THE LABORATORY EQUIPMENT
cv-valid-dev/sample-000540.mp3,promise you'll never lie the way snoopy did,1,0,,,,2.9,PROMISE YOU'LL NEVER LIE THE WAYS NOGETED
cv-valid-dev/sample-000541.mp3,it seems old and wise,3,0,,,,5.6,IT SEEMS OLD AND WISE
cv-valid-dev/sample-000542.mp3,help me find them,3,0,,,,2.4,HELD ME SIGND THEM
cv-valid-dev/sample-000543.mp3,it always gets me right here,3,0,,,,5.5,IT ALWAYS GETS ME RIGHT HERE
cv-valid-dev/sample-000544.mp3,revenge is not my style but obviously accidents will happen,3,0,,,,4.1,THERAVANIGIES NOT MY STYLE BUT OBVIOUS ACCIDENTS WILL HAPPEN
cv-valid-dev/sample-000545.mp3,the old woman had said the same thing,16,0,,,,3.1,THE OLD WOMAN HAD SAID THE SAME THING
cv-valid-dev/sample-000546.mp3,a thin circle of bright metal showed between the top and the body of the cylinder,3,0,teens,male,england,5.0,A THIN CIRCLE OF BRIGHT METAL WAS SHIVERED BETWEEN THE TOP AND THE BODY OF A CYLINDER
cv-valid-dev/sample-000547.mp3,i never saw her before,1,0,,,,2.2,I NEVER SAW HER BEFORE
cv-valid-dev/sample-000548.mp3,and better still to be alone with one's books,3,0,twenties,male,indian,2.5,AN BUT A STILL TO BE ALONE WITH PONCIPLES
cv-valid-dev/sample-000549.mp3,the old man returned the book to the boy,2,0,fourties,male,england,4.4,THE OLD MAN RETURNED THE BOOK TO THE BOY
cv-valid-dev/sample-000550.mp3,and i think it's terrific,1,0,thirties,male,england,1.9,AND A THING IS TERRIFIC
cv-valid-dev/sample-000551.mp3,he felt unsafe like during his first lesson in driving school,1,0,,,,3.9,HE FELT UNSAFE LIKE DURING HIS FIRST LESSON IN DRIVING SCHOOL
cv-valid-dev/sample-000552.mp3,he was immensely excited at the news,4,0,,,,3.5,HE WAS EMINSTLY EXCITED AT THE MEANS
cv-valid-dev/sample-000553.mp3,it was only when i got this close to it that the strangeness of it was at all evident to me,1,0,sixties,male,canada,8.6,IT WAS ONLY WHEN I GOT THIS CLOSE TO IT THAT THE STRANGENESS OF IT WAS AT ALL EVIDENT TO ME
cv-valid-dev/sample-000554.mp3,what are these things he asked,1,0,,,,3.4,WHAT ARE THESE THINGS HE ASKED
cv-valid-dev/sample-000555.mp3,came to the bar he had entered on his first day there,2,0,fifties,female,newzealand,4.0,CAME TO THE BAR HE HAD ENTERED ON HIS FIRST DAY THERE
cv-valid-dev/sample-000556.mp3,do i knock or something,1,0,,,,2.0,DO I KNOCK OR SOMETHING
cv-valid-dev/sample-000557.mp3,but it is not a class that was requested by our alumni or prospective students,3,0,twenties,male,us,6.8,BUT IT IS NOT A CLASS THAT WAS REQUESTED BY OUR OLAMNAI OR POSPECTIVE STUDENTS
cv-valid-dev/sample-000558.mp3,the time must have been somewhere around six o'clock,1,0,twenties,male,australia,4.1,THE TIME OF HE BEEN SOMEWHERE AROUND SIX O'CLOCK
cv-valid-dev/sample-000559.mp3,monday morning at five o'clock,2,0,,,,2.3,MONDAY MORNING AT FIVE O'CLOCK
cv-valid-dev/sample-000560.mp3,you can have as many babies as you like,3,0,,,,3.7,YOU CAN HAVE AS MANY BABIES AS YOU LIKE
cv-valid-dev/sample-000561.mp3,i'll always let you down,2,0,sixties,male,england,2.9,I'LL ALWAYS LET YOU DOWN
cv-valid-dev/sample-000562.mp3,the old man returned the book to the boy,2,0,fifties,male,england,3.6,THE OLD MAN RETURNED THE BOOK TO THE BOY
cv-valid-dev/sample-000563.mp3,they made the boy continue digging but he found nothing,4,0,thirties,male,england,3.5,THEY MADE THE BOY CONTINUE DIGGING BUT HE FOUND NOTHING
cv-valid-dev/sample-000564.mp3,the basketball bounced off his shield of titanium,1,0,thirties,male,england,3.3,THE BASKETBALL BOUNCED OF HIS SHIELD OF TITANIUM
cv-valid-dev/sample-000565.mp3,but you don't know about love,3,0,thirties,male,us,3.0,BUT YOU DON'T KNOW ABOUT LOVE
cv-valid-dev/sample-000566.mp3,the wind has many names,4,0,fifties,male,us,3.9,THOU WIND HAS MANY NAMES
cv-valid-dev/sample-000567.mp3,it must have fallen while i was sitting over there,3,0,,,,4.4,IT MUST HAVE FALLEN WHILE I WAS SITTING OVER THERE
cv-valid-dev/sample-000568.mp3,have trusted more in your love for fatima,1,0,,,,11.4,HAVE TRUSTED MORE THAN YOUR LOVE FOR FAKIMON
cv-valid-dev/sample-000569.mp3,throughout the night the boy dug at the place he had chosen but found nothing,4,1,fifties,male,england,4.6,THROUGHOUT THE NIGHT THE BOY DUG UT A PLACE HE HAD CHOSEN BUT FOUND NOTHING
cv-valid-dev/sample-000570.mp3,so then try he said to the englishman,1,0,twenties,male,indian,3.9,SO THEN TRY HE SAY TO THE ENGLISHMAN
cv-valid-dev/sample-000571.mp3,why do you think i brought you here,1,0,twenties,male,,2.4,WHY DO YOU THINK I BROUGHT YOU HERE
cv-valid-dev/sample-000572.mp3,until my wing went bad,4,0,,,,4.8,UNTIL MY WING WENT BAD
cv-valid-dev/sample-000573.mp3,all that time the martians must have been getting ready,2,1,fourties,female,england,4.0,AT THAT TIME THE MARTIANS MUST HAVE BEEN GETTING READY
cv-valid-dev/sample-000574.mp3,did she solve the riddle all by herself,1,0,fourties,male,scotland,3.7,DID SHE SOLVE THE RIDDLE ALL BY HERSELF
cv-valid-dev/sample-000575.mp3,it seemed so safe and tranquil,3,0,,,,4.4,IT SEEMED SO SAFE AND TRANQUIL
cv-valid-dev/sample-000576.mp3,i've learned things from the sheep and i've learned things from crystal he thought,4,1,,,us,6.5,I HAVE LEARNED THINGS FROM THE SHEEP AND I HAVE LEARNED THINGS FROM CRYSTEL HE THOUGHT
cv-valid-dev/sample-000577.mp3,just you and i,2,0,,,,2.5,JUST YOU AND I
cv-valid-dev/sample-000578.mp3,even though the sheep didn't teach me to speak arabic,4,0,,,,6.1,EVEN THOUGH THE SHEEP DIDN'T TEACH ME TO SPEAK ARABIC
cv-valid-dev/sample-000579.mp3,how should i know,1,0,twenties,male,us,2.1,HOW SHOULD I KNOW
cv-valid-dev/sample-000580.mp3,i thought about the difficulties in translation that might arise,5,0,,,,4.3,I THOUGHT ABOUT THE DIFFICULTIES IN TRANSLATION THAT MIGHT ARISE
cv-valid-dev/sample-000581.mp3,it means only that the heart does what it can the alchemist said,1,0,,,,6.5,IT MEANS ONLY THAT THE HEART DOES WHAT IT CAN THE ALCHEMIST SAID
cv-valid-dev/sample-000582.mp3,about eleven i walked back to my home in maybury because nothing seemed to be happening,2,0,,,,6.2,ABOUT ELEVEN I WALKED BACK TO MY HUMY MAYBURY BECAUSE NOTHING SEEMED TO BE HAPPENING
cv-valid-dev/sample-000583.mp3,can i help you asked the man behind the window,1,0,,,,2.5,CAN I HELP YOU ASKED DE MIND BEHINDE WENDEL
cv-valid-dev/sample-000584.mp3,i'll talk to you tonight,1,0,,,,2.9,I'LL TALK TO YOU TO NIGHT
cv-valid-dev/sample-000585.mp3,the monk was irritated,2,0,,,,2.2,THE MONK WAS IRRITATED
cv-valid-dev/sample-000586.mp3,coming home a party of tourists passed us singing and playing music,20,0,,,,6.7,COMING HOME A PARTY OF TOURIST PASSED US SINGING AND PLAYING MUSIC
cv-valid-dev/sample-000587.mp3,the englishman had been profoundly impressed by the story,1,0,fourties,male,us,7.2,THE ENGLISHMEN HAD BEEN PROFOUNDLY IMPRESSED BY THES STORY
cv-valid-dev/sample-000588.mp3,hires two personal trainers and make one of them train the other one,2,0,,,,8.2,HIRES TWO PERSONAL TRAINERS AND MAKE ONE OF THEM TRAIN THE OTHER ONE
cv-valid-dev/sample-000589.mp3,dense clouds of smoke or dust can be seen through a powerful telescope,4,0,,,,5.9,DENSE CLOUDS OF SMOKE OR DUST CAN BE SEEN THROUGH A POWERFUL TELESCOPE
cv-valid-dev/sample-000590.mp3,judge debra sent me,1,0,,,,2.2,JUDGED DEBORAH SET ME
cv-valid-dev/sample-000591.mp3,a missing parrot is called a polygon,1,0,,,,4.2,A MISSING PARROT IS CALLED A POLYGAN
cv-valid-dev/sample-000592.mp3,the morning post is not obstructing justice or hiding criminals,2,1,,,,6.2,THE MORNING COST IS NOT OBSTRUCTING JUSTICE OR HIDING CRIMINALS
cv-valid-dev/sample-000593.mp3,the whole office was struck by a deafening silence,1,0,,,,3.4,THE WHOLE OFFICE WAS STRUCK BY A DEAFENING SILENCE
cv-valid-dev/sample-000594.mp3,it's easy and yet i've never done it before he thought,1,0,,,,4.7,IT'S EASY AND YET I'VE NEVER DONE IT BEFORE HE THOUGHT
cv-valid-dev/sample-000595.mp3,if you pay attention to the present you can improve upon it,15,1,,,,5.5,IF YOU PAY ATTENTION TO THE PRESENT YOU CAN IPPROVE UPON IT
cv-valid-dev/sample-000596.mp3,in another year maybe i can help,1,0,,,,4.6,IN ANOTHER YEAR MAYBE I CAN HELP
cv-valid-dev/sample-000597.mp3,sometimes their caravan met with another,2,1,seventies,male,australia,4.6,SOMETIMES THE CARAVAN MET WITH ANOTHER
cv-valid-dev/sample-000598.mp3,in those days very few of the people had any idea about astronomy,5,4,,,,6.3,IN THOSE DAYS VERY FEW OF THE PEOPLE HAD ANY IDEA ABOUT ASTRONOMY
cv-valid-dev/sample-000599.mp3,then she filled her vessel with water and left,3,0,,,,4.9,DHAN SHE FEELED HER BETALL WAIT THE WATER AN LEFT
cv-valid-dev/sample-000600.mp3,it was just ripe enough to eat,1,0,thirties,male,,4.0,IT WAS JUST RIPE ENOUGH TO EAT
cv-valid-dev/sample-000601.mp3,i'll work all night until dawn and i'll clean every piece of crystal in your shop,3,0,,,,6.9,I'LL WORK ALL NIGHT UNTIL DAWN AND I'LL CLEAN EVERY PIECE OF CRYSTAL IN YOUR SHOPS
cv-valid-dev/sample-000602.mp3,walking along in the silence he had no regrets,3,0,,,,5.5,WALKING ALONG IN SONGS HE HAD NO BOOTS
cv-valid-dev/sample-000603.mp3,using script blockers is generally a good idea but it requires the user to learn a bit,1,0,,,,7.2,USING SCRIPT LOCKERS IS GENERALLY A GOOD IDEA BUT IT REQUIRES THE USER TO LEARN A BIT
cv-valid-dev/sample-000604.mp3,like everybody learns he said,1,0,,,,3.5,LIKE EVERYBODY LEARNS HE SAID
cv-valid-dev/sample-000605.mp3,the boy picked up his pouch and put it with his other things,1,0,seventies,male,england,5.3,THE BOY PICKED UP HIS POUCH AND PUT IT WITH HIS OTHER THINGS
cv-valid-dev/sample-000606.mp3,i'm the one that knows,1,0,,,,1.3,AM THE ONE DAT NOSE
cv-valid-dev/sample-000607.mp3,but the boy was quiet,4,0,,,,2.8,BUT THE BOY WAS QUIET
cv-valid-dev/sample-000608.mp3,the war is going to end someday the girl said,4,0,fourties,female,us,4.9,THE WAR IS GOING TO END SOME DAY THE GIRL SAID
cv-valid-dev/sample-000609.mp3,he needed someone to talk to so as to avoid thinking about the possibility of war,5,0,fourties,female,england,7.8,HE NEEDED SOME ONE TO TALK TO SO AS TO AVOID THINKING ABOUT THE POSSIBILITY A WAR
cv-valid-dev/sample-000610.mp3,i don't think i follow you,1,0,,,,2.6,I DON'T THINK THAT OF FOIL O YOU
cv-valid-dev/sample-000611.mp3,i heard a faint movement under my feet,3,0,twenties,male,,4.0,I HEARD A FAINT MOVEMENT UNDER MY FEET
cv-valid-dev/sample-000612.mp3,i have already described the appearance of that colossal bulk which was embedded in the ground,8,0,,,,4.9,I HAVE ALREADY DESCRIBED THE APPEARANCE OF THAT COLOSSAL BULK WHICH IS IMBEDDED IN THE GROUN
cv-valid-dev/sample-000613.mp3,the thought was so dreadful to him that he forgot about the heat and went forward,3,0,twenties,male,us,4.2,THE THOUGHT WAS SO DREADFUL TO HIM THAT HE FORGOT ABOUT THE HEAT AND WENT FORWARD
cv-valid-dev/sample-000614.mp3,that's true enough the boy thought ruefully,2,0,twenties,male,us,3.8,THAT'S TRUE ENOUGH THE BOYTHOUGHTS RUEFULLY
cv-valid-dev/sample-000615.mp3,and maybe it wasn't that they were teaching me but that i was learning from them,2,0,fifties,male,england,6.5,AND MAYBE IT WASN'T THAT THEY WERE TEACHING ME BUT THAT I WAS LEARNING FROM THEM
cv-valid-dev/sample-000616.mp3,the horizon was tinged with red and suddenly the sun appeared,2,0,fourties,male,us,7.1,THE HORIZON WAS TINGED WITH RED AND SUDDENLY THE SUN APPEARED
cv-valid-dev/sample-000617.mp3,they're not worth much the englishman answered,3,0,,,,4.5,THEY ARE NOT WORTH MUCH THE ENGLISHMAN ANSWERED
cv-valid-dev/sample-000618.mp3,we'll find you a hotel,1,0,,,,2.8,WE'LL FIND YOU A HOTEL
cv-valid-dev/sample-000619.mp3,the shop folks were taking down their shutters and people were opening their bedroom windows,4,0,twenties,female,us,6.0,THE SHOP FOLKS WERE TAKING DOWN THEIR SHUTTERS AND PEOPLE WERE OPENING THEIR BEDROOM WINDOWS
cv-valid-dev/sample-000620.mp3,i was wondering if you could tell me a bit more about what it's like to live and work there,1,0,thirties,male,england,4.9,I WAS WONDERING IF YOU COULD TELL ME A BIT MORE ABOUT WHERE IT'S LIKE TO LIVE AND WORK THERE
cv-valid-dev/sample-000621.mp3,she decided against it,2,0,,,,2.9,SHE DECIDED AGAINST IT
cv-valid-dev/sample-000622.mp3,maybe these desert birds could explain to him the meaning of love without ownership,3,0,teens,female,us,6.8,MAYBE THESE DESERT BIRDS COULD EXPLAIN TO HIM THE MEANING OF LOVE WITHOUT OWNERSHIP
cv-valid-dev/sample-000623.mp3,i got doctor bills to pay,1,0,twenties,male,us,3.2,A GOD DOCTOR BULLSIP E
cv-valid-dev/sample-000624.mp3,dusk was falling as the boy arrived with his herd at an abandoned church,1,0,teens,male,australia,5.7,DUSK WAS FALLING AS THE BOY ARRIVED WITH HIS HERD AND N ABANDONED CHURCH
cv-valid-dev/sample-000625.mp3,i've been all over town,2,0,fourties,female,us,3.0,I'VE BEEN ALL OVER TOWN
cv-valid-dev/sample-000626.mp3,let me see it,2,0,fifties,female,australia,2.3,LIKE YO TITY
cv-valid-dev/sample-000627.mp3,the boy was also saddened his friend was in pursuit of his destiny,1,0,,,,5.2,THE BOY WAS ALSO SADDENED HIS FRIEND WAS IN PURSUIT OF HIS DESTINY
cv-valid-dev/sample-000628.mp3,he told fatima that at their next meeting,3,0,fifties,male,us,4.0,HE TOLD FITIM A THAT AT THEIR NEXT MEETING
cv-valid-dev/sample-000629.mp3,all things are one,1,0,fourties,female,us,2.5,ALL THINGS ARE ONE
cv-valid-dev/sample-000630.mp3,think i'll go home and see what the family is doing,2,0,thirties,male,us,6.7,THINK I'LL GO HOME AND SEE WHAT THE FAMILY IS DOING
cv-valid-dev/sample-000631.mp3,the nearby city of ceuta had grown faster than tangier and business had fallen off,1,0,fifties,male,us,6.7,THE NERBA CITY OF SUTA HAD GROWN FASTER THAN TANGER AND BUSINESS HAD FALLEN OFF
cv-valid-dev/sample-000632.mp3,in those days very few of the people had any idea about astronomy,1,0,,,,3.9,IN THOSE DAYS WADI PYLAT THE BABE HAD INIIDELO ESTIMONY
cv-valid-dev/sample-000633.mp3,i thought the unscrewing might be automatic,1,0,,,,4.4,I THOUGHT THE UNSCREWING MIGHT BE AUTOMATIC
cv-valid-dev/sample-000634.mp3,i found these one day in the fields,5,0,fifties,male,us,3.1,I FOUND THESE ONE DAY IN THE FIELDS
cv-valid-dev/sample-000635.mp3,my seven year resume gap is marked not drugs,2,1,,,,4.6,MY SEVEN YEAR RESUME GAP IS MARKED NOT DRUGS
cv-valid-dev/sample-000636.mp3,so how will we name all these hurricanes,1,0,twenties,male,african,3.5,SO HOW WILL WE NAME ALL THESE HURRICANES
cv-valid-dev/sample-000637.mp3,you're worth your weight in gold,1,0,twenties,male,,2.5,YOU ARE WORTH YOUR WEIGHT AN GOLD
cv-valid-dev/sample-000638.mp3,you have been a real blessing to me,3,1,thirties,male,england,2.7,YOU HAVE BEEN A REAL BLESSING TO ME
cv-valid-dev/sample-000639.mp3,but he had to move on,3,0,sixties,female,canada,2.5,BUT HE HAD TO MOVE ON
cv-valid-dev/sample-000640.mp3,i'd like you to take me there if you can,1,0,,,,3.0,I'D LIKE YOU TO TAKE ME THERE IF YOU CAN
cv-valid-dev/sample-000641.mp3,are you sure you're comfortable,1,0,,,,6.8,AH YOU SURE YOU'RE COMFORTABLE
cv-valid-dev/sample-000642.mp3,what did she say,2,0,fourties,male,england,2.1,WHAT DID SHE SAY
cv-valid-dev/sample-000643.mp3,the review of related methods is simple to understand and informative,2,0,,,,6.8,THE REVIEW OF RELATED METHODS IS SIMPLE TO UNDERSTAND AND INFORMATIVE
cv-valid-dev/sample-000644.mp3,the boy began again to read his book but he was no longer able to concentrate,1,0,,male,england,4.6,THE BOY BEGAN AGAIN TO READ HIS BOOK BUT HE WAS NO LONGER ABLE TO CONCENTRATE
cv-valid-dev/sample-000645.mp3,and one or two persons were returning,2,1,,,,4.8,AND ONE OR TWO PERSONS WERE RETURNING
cv-valid-dev/sample-000646.mp3,maybe we'd better ask someone the boy suggested,7,0,,,,8.4,MAYBE WE'D BETTER ASK SOME ONE THE BOY SUGGESTED
cv-valid-dev/sample-000647.mp3,mecca is a lot farther away than the pyramids,4,0,,,,3.8,MECCA IS A LOT FURTHER AWAY THAN THE PYRAMIDS
cv-valid-dev/sample-000648.mp3,they blow across the world without a birthplace and with no place to die,3,0,,,,7.0,THEY BLOW ACROSS THE WORLD WITHOUT A BIRTHPLACE AND WITH NO PLACE TO DIE
cv-valid-dev/sample-000649.mp3,they become the soul o f the world,1,0,thirties,male,canada,3.1,THEY BECOME THE SOUL OF THE WORLD
cv-valid-dev/sample-000650.mp3,they reminded him of the old man,2,1,,,,5.5,THEY REMINDED HIM OF THE OLD MAN
cv-valid-dev/sample-000651.mp3,i thought the unscrewing might be automatic,1,0,,,,5.7,I THOUGHT THE UNSCREWING MIGHT BE AUTOMATIC
cv-valid-dev/sample-000652.mp3,the pixel probabilities are conditioned on the model state,1,0,sixties,male,england,4.3,THE PIXSAL PROBABILITIES ARE CONDITIONED ON THE MODEL STATE
cv-valid-dev/sample-000653.mp3,the navy's going to fly father home this afternoon,1,0,thirties,male,england,3.9,THE NAVY'S GOING TO FLY FARTHER HOME THIS AFTERNOON
cv-valid-dev/sample-000654.mp3,it doesn't matter he said to his sheep,2,0,,,,3.1,IT DOESN'T MATTER HE SAID TO HIS SHEEP
cv-valid-dev/sample-000655.mp3,his eyes filled with tears as he spoke of the prophet,3,0,thirties,male,us,4.8,HIS EYES FILLED WITH TEARS AS HE SPOKE OF THE PROPHET
cv-valid-dev/sample-000656.mp3,it spread through the planet's atmosphere and obscured its more familiar features,5,0,twenties,male,us,5.4,IT SPREAD THROUGH THE PLAMOTS ATMOSPHERE IN OBSCURED ITS MORE FAMILIAR FATURES
cv-valid-dev/sample-000657.mp3,it's called the principle of favorability beginner's luck,3,0,,,,4.1,IT'S CALLED THE PRINCIPLE OF FAVOURABILITY BEGINNERS LACK
cv-valid-dev/sample-000658.mp3,the trees swayed uniformly in the breeze,3,0,thirties,male,england,3.1,THE TREES SWAYED UNIFORMLY IN THE BREEZE
cv-valid-dev/sample-000659.mp3,hundreds of observers saw the flame that night and the night after,3,0,,,,4.2,HUNDREDS OF OBSERVERS SAW THE FLAME THAT NIGHT AND THE NIGHT AFTER
cv-valid-dev/sample-000660.mp3,henderson went into the railway station to telegraph the news to london,1,0,,,,6.0,ENDERSON WENT INTO THE RAILWAY STATION TO TELEGRAPH THE NEWS TO LONDON
cv-valid-dev/sample-000661.mp3,i'm an old superstitious arab and i believe in our proverbs,4,1,,,,7.8,I AM AN UNSUPERSTITIOUS ARAB IN A BELIEF IN OUR PROVERBS
cv-valid-dev/sample-000662.mp3,it's even higher than this,1,0,,,,2.5,IT'S EVEN HIGHER THAN THIS
cv-valid-dev/sample-000663.mp3,the boy said nothing,2,0,,,,4.0,THE BOY SAID NOTHING
cv-valid-dev/sample-000664.mp3,raisins are delicious,1,0,,,,2.9,RAISINS ARE DELICIOUS
cv-valid-dev/sample-000665.mp3,add run rudolph run to my rockin' playlist,1,0,,,,4.7,AND RUN RUDOLF RUN TO MY ROCKING PLANE
cv-valid-dev/sample-000666.mp3,when the pan had cooled the monk and the boy looked at it dazzled,1,0,teens,male,us,3.8,WHEN THE PAN HAD COOLED THE MONK AND THE BOY LOOKED AT IT DAZZLED
cv-valid-dev/sample-000667.mp3,you'd better get your friends,2,0,thirties,male,england,2.3,YOU'D BETTER GET YOUR FRIENDS
cv-valid-dev/sample-000668.mp3,and now it was only four days before he would be back in that same village,1,0,twenties,male,us,4.7,NOW IT WAS ONLY FOUR DAYS BEFORE HE WOULD BE BACK IN THAT SAME VILLAGE
cv-valid-dev/sample-000669.mp3,i believe what she said,1,0,,,,2.5,I BELIEVE WHAT SHE SAID
cv-valid-dev/sample-000670.mp3,the old man leafed through the book and fell to reading a page he came to,2,0,,,,5.4,THE OLD MAN LEAVED THROUGH THE BOOK AND FELL TO READING A PAGE HE CAME TO
cv-valid-dev/sample-000671.mp3,maybe these desert birds could explain to him the meaning of love without ownership,3,0,twenties,male,us,6.0,MAYBE THESE DESERT BIRDS COULD EXPLAIN TO HIM THE MEANING OF LOVE WITHOUT OWNERSHIP
cv-valid-dev/sample-000672.mp3,you gave them everything i had the boy said,3,0,,,,3.7,YOU GAVE THEM EVERYTHING I HAD THE BOY SAID
cv-valid-dev/sample-000673.mp3,bill decided that management should know about this incident,1,0,thirties,male,australia,3.5,THEY WERE DECIDED THAT MANAGEMENT SHOULD KNOW ABOUT THIS INCIDENT
cv-valid-dev/sample-000674.mp3,i had to test your courage the stranger said,1,0,,,,6.1,I HAD TO TEST YOUR COURAGE THE STRANGER SAID
cv-valid-dev/sample-000675.mp3,i haven't any watch,1,0,,,,3.1,I HAVEN'T ANY WATCH
cv-valid-dev/sample-000676.mp3,it's late in the evening a perfect time for coffee,1,0,,,,3.2,IT'S LATE IN THE EVENING A PERFECT TIME FOR COFFEE
cv-valid-dev/sample-000677.mp3,that baker he said to himself without completing the thought,2,0,,,,7.1,THAT BAKER HE SAID TO HIMSELF WITHOUT COMPLAINING THE THOUGHT
cv-valid-dev/sample-000678.mp3,who engineered this getaway,1,0,seventies,male,england,8.1,WHO'S ENGINEER THIS GETS AWAY
cv-valid-dev/sample-000679.mp3,when i first reached through to it i thought the soul of the world was perfect,2,0,,,,5.0,WHEN I FIRST REACHED THREE TO IT I THOUGHT THE SOUL OF THE WORLD WAS PERFECT
cv-valid-dev/sample-000680.mp3,i'm proud of you,2,0,,,,1.2,I'M PROUD OF YOU
cv-valid-dev/sample-000681.mp3,yet it was a little too large for assurance,11,1,,,,4.2,YET IT WAS A LITTLE TOO LARGE FOR ASSURANCE
cv-valid-dev/sample-000682.mp3,you'll weaken when you see that little jezebel,2,0,fourties,female,us,2.9,YOU'LL WEAKEN WHEN YOU SEE THAT LITTLE JESEVEL
cv-valid-dev/sample-000683.mp3,the englishman's eyes lit up,2,0,,,,3.4,THE ENGLISHMAN'S EYES LIT UP
cv-valid-dev/sample-000684.mp3,and that's where the power of love comes in,2,0,,,,2.7,AND THAT'S WHERE THE POWER OF LOVE COMES IN
cv-valid-dev/sample-000685.mp3,however the article is written poorly and incomprehensibly,1,0,,,,6.1,HOWEVER THE ARTICLE IS WRITTEN POORLY AND INCOMPREHENSIBLY
cv-valid-dev/sample-000686.mp3,they just won't let anybody talk politics to them,1,0,fifties,male,us,4.3,THEY JUST WON'T LET ANYBODY TALK POLITICS TO THEM
cv-valid-dev/sample-000687.mp3,but i'll make you and maria a business proposition,3,0,,,,3.7,BUT I'LL MAKE YOU AMERIA A BUSINESS PROPOSITION
cv-valid-dev/sample-000688.mp3,not that i was listening but i noticed that you sounded really stressed when you were explaining the situation to him,1,0,,,,8.7,NOT THAT I WAS LISTENING BUT I NOTICED THAT YOU SOUNDED REALLY STRESSED WHEN YOU WERE EXPLAINING THE SITUATION TO HIM
cv-valid-dev/sample-000689.mp3,when he reached the top of the dune his heart leapt,2,0,,,,5.0,WHEN HE REACHED THE TOP OF THE DONE HIS HEART LEAPT
cv-valid-dev/sample-000690.mp3,i'm sending it over with beth,1,0,,,,1.7,AAM SENDING ANUMBER AT BATH
cv-valid-dev/sample-000691.mp3,it must have fallen while i was sitting over there,2,0,,,,5.1,IT MUST HAVE FALLEN WHILE I WAS SITTING OVER THERE
cv-valid-dev/sample-000692.mp3,help me the boy said,1,0,,,,3.5,HELP ME THE BOY SAID
cv-valid-dev/sample-000693.mp3,they'll take care of it,1,0,,,,1.6,I'LL TIKE CARE OF IT
cv-valid-dev/sample-000694.mp3,help me the boy said,3,0,fourties,male,england,5.2,HELP ME THE BOY SAID
cv-valid-dev/sample-000695.mp3,there were just drawings coded instructions and obscure texts,2,0,teens,male,england,4.9,THERE WERE JUST DROWING CODIED INSTRUCTIONS AND OBTURE TEXTS
cv-valid-dev/sample-000696.mp3,it left a greenish streak that glowed for some seconds,4,1,,,,4.9,IT LEFT A GREENISH STREAK THAT GLOWED FOR SOME SECONDS
cv-valid-dev/sample-000697.mp3,he had been so far away that his face wasn't even visible,4,1,,,,4.8,HE HAD BEEN SO FAR AWAY THAT HIS FACE WASN'T ESEN EVEN WITH
cv-valid-dev/sample-000698.mp3,do you know what you're going to do,1,0,,,,4.7,DO YOU KNOW WHAT YOU ARE GOING TO DO
cv-valid-dev/sample-000699.mp3,i found a little crowd of about twenty people surrounding the huge hole,3,0,seventies,male,australia,6.3,I FOUND A LITTLE CRAB OF ABOUT TWENTY PAPLES SURRANDING THE HEUCAL
cv-valid-dev/sample-000700.mp3,or a man into the wind,3,0,twenties,male,african,2.7,OR A MAN INTO THE WIND
cv-valid-dev/sample-000701.mp3,there is no letter,2,0,,,,1.8,THERE IS NO LETTER
cv-valid-dev/sample-000702.mp3,he hoped that it would be someone as capable as his previous apprentice,2,0,fifties,female,us,3.9,HE HOPED THAT IT WOULD BE SOMEONE AS CAPABLE AS HIS PREVIOUS APPRENTICE
cv-valid-dev/sample-000703.mp3,afraid it might rain,1,0,,,,3.3,AFRAID IT MIGHT RAIN
cv-valid-dev/sample-000704.mp3,it was dropping off in flakes and raining down on the sand,1,0,,,,4.7,IT WAS DROPPING OFF IN FLAKES AND RAINING DOWN ON THE SAND
cv-valid-dev/sample-000705.mp3,i turned and as i did so the screw must have fallen out,1,0,,,,5.1,I TURNED AND AS I DID SO THE SCREW MUST HAVE FALLEN OUT
cv-valid-dev/sample-000706.mp3,there is no wine in this country the young man said,4,0,twenties,female,england,4.0,THERE IS NO WINE IN THIS COUNTRY THE YOUNG MAN SAID
cv-valid-dev/sample-000707.mp3,its lower end was still embedded,6,0,,,,2.5,ITS LOWER END WAS STILL IMBEDDED
cv-valid-dev/sample-000708.mp3,none of what the old man was saying made much sense to the boy,1,0,,,,10.1,NONE OF WHAT THE OLD MEN WARE SAYING MADE MUCH SENSE TO THE BOY
cv-valid-dev/sample-000709.mp3,as he did so he talked with the monk about the tribal wars,2,0,,,,5.6,AS HE DID SO HE TALKED WITH THE MONK ABOUT THE TRIBE OF WARS
cv-valid-dev/sample-000710.mp3,his nutrition consisted almost entirely of cereals,1,0,fifties,female,indian,4.5,THIS NUTRITION CONSISTED ALMOST ENTIRELY OF SERE
cv-valid-dev/sample-000711.mp3,i thought the unscrewing might be automatic,3,0,,,,4.2,I THOUGHT THE UNSCREWING MIGHT BE AUTOMATIC
cv-valid-dev/sample-000712.mp3,it's easy and yet i've never done it before he thought,2,0,fifties,male,canada,3.5,IT'S EASY AND YET I'VE NEVER DONE IT BEFORE HE THOUGHT
cv-valid-dev/sample-000713.mp3,we don't have to give up our club,1,0,,,,2.8,WE DON'T HAVE TO GIVE UP OUR CLAP
cv-valid-dev/sample-000714.mp3,where did he keep his money,1,0,twenties,male,us,2.9,WHERE DID HE KEEV HIS MONEY
cv-valid-dev/sample-000715.mp3,you have to cross the entire sahara desert said the young man,1,0,,,,8.8,YOU HAVE TOO CROSSED ME ENTIRE SAHARA DESERT SAID THE YOUNG MAN
cv-valid-dev/sample-000716.mp3,absolutely despicable that gingerbread men are forced to live in houses made of their own flesh,4,2,teens,male,us,6.9,ABSOLUTELY DESPICABLE THAT GINGER BRED MAN ARE FORCED TO LIVE IN HOUSES MADE OF THEIR OWN FOYAGE
cv-valid-dev/sample-000717.mp3,at once he connected the two incidents,6,3,thirties,male,australia,1.9,AT ONCE HE CONNECTED THE TWO INCIDENTS
cv-valid-dev/sample-000718.mp3,there was no other baggage,2,0,,,,2.1,THERE WAS NO OTHER BAGAGE
cv-valid-dev/sample-000719.mp3,hires two personal trainers and make one of them train the other one,2,1,thirties,male,us,6.9,HIGE AS TWO PERSONAL TRAINERS AND MAKE ONE OF THEM TRAIN THE OTHER ONE
cv-valid-dev/sample-000720.mp3,it was bunched up and he had hardly thought of it for a long time,2,1,thirties,male,us,5.1,IT WAS BUNCHED UP AND HE HAD HARDLY THOUGHT OF IT FOR A LONG TIME
cv-valid-dev/sample-000721.mp3,it was an element of her sexuality,2,0,fourties,male,england,3.0,IT WAS AN ELEMENT OF HER SEXUALITY
cv-valid-dev/sample-000722.mp3,it's practically up there now,1,0,,,,3.2,IT'S PRACTICALLY UP THERE NOW
cv-valid-dev/sample-000723.mp3,i'll call the police,1,0,,,,2.6,I WILL CALL THE POLICE
cv-valid-dev/sample-000724.mp3,you're in luck you two the fat arab said,1,0,thirties,male,,3.6,YOU'RE UNLUCKY TOO THE FAD HAROD SAID
cv-valid-dev/sample-000725.mp3,the camel driver though seemed not to be very concerned with the threat of war,2,1,,,,7.2,THE CAMEL DRIVER THOUGH SEEMED NOT TO BE VERY CONCERNED WITH THE THREAD OF WAR
cv-valid-dev/sample-000726.mp3,he put a sign on the door and they went to a small cafe nearby,1,0,twenties,female,us,4.8,HE PUT A SIGN OF THE DOOR AND THEY WENT TO A SMALL CAFE NEAR BY
cv-valid-dev/sample-000727.mp3,now i can see that it hasn't been too bad,3,0,,,,5.4,NO I CAN SEE THAT IT HASN'T BEEN TOO BAD
cv-valid-dev/sample-000728.mp3,then what does she want with you,3,0,fifties,female,,3.2,THEN WHAT DOES SHE WANT WITH YOU
cv-valid-dev/sample-000729.mp3,the wind has many names,3,0,seventies,male,australia,3.7,THE WIND HAS MANY NAMES
cv-valid-dev/sample-000730.mp3,the dead soldiers were replaced by others and life went on,2,1,thirties,male,,4.3,THE DEAD SOLDIERS WERE REPLACED BY OTHERS AND LIFE WENT ON
cv-valid-dev/sample-000731.mp3,please don't cry,2,0,teens,male,us,1.8,PLEASE DON'T CRY
cv-valid-dev/sample-000732.mp3,show me where there is life out in the desert,3,0,,,,3.0,SHOW ME WHERE THERE IS LIFE OUT IN THE DESERT
cv-valid-dev/sample-000733.mp3,raisins are delicious,2,0,twenties,male,,2.7,RAISINS ARE DELICIOUS
cv-valid-dev/sample-000734.mp3,the sheep will get used to my not being there too the boy thought,3,0,,,,4.1,THE SHEEP WILL GET USED TO MY NOT BEING THERE TOO THE BOY THOUGHT
cv-valid-dev/sample-000735.mp3,the boy knew and was now working toward it,7,1,,male,us,3.4,THE BOY KNEW AND WAS NOW WORKING TOWARD IT
cv-valid-dev/sample-000736.mp3,with every day that passed the boy's heart became more and more silent,1,0,,,,5.7,WITH EVERY DAY THAT PASSED THE BOY'S HEART BECAME MORE AND MORE SILENT
cv-valid-dev/sample-000737.mp3,as he did so he talked with the monk about the tribal wars,6,0,,,,4.6,AS HE DID SO HE TALKED WITH THE MONK ABOUT THE TRIBAL WARS
cv-valid-dev/sample-000738.mp3,maggie and uncle kenny sold war bonds,2,0,,,,3.0,MAGGIE AND UNCLE KENNY SOLD WAR BONDS
cv-valid-dev/sample-000739.mp3,there was a time when for me a camel's whinnying was nothing more than whinnying,6,2,,,,9.5,THERE WAS A TIME WHEN FOR ME A CAMEL'S WHINNYING WAS NOTHING MORE THAN WHINNYING
cv-valid-dev/sample-000740.mp3,some of the grey ash was falling off the circular edge,2,0,thirties,male,canada,4.6,SOME OF THE GREY ASH WAS FALLING OF THE CIRCULAR EDGE
cv-valid-dev/sample-000741.mp3,i'll return just as your father came back to your mother he said,3,0,,,,5.5,I'LL RETURN JUST AS YOUR FATHER CAME BACK TO YOUR MOSHER HE SAID
cv-valid-dev/sample-000742.mp3,he'll be ready on time,1,0,twenties,female,,2.2,HE'LL BE READ AT ONE TIME
cv-valid-dev/sample-000743.mp3,footprints of mud and clay were on the floor,1,0,,,,4.7,FOOTPRINTS OF MUD AND CLAY WERE ON THE FLOOR
cv-valid-dev/sample-000744.mp3,the alchemist followed as the boy's horse ran for almost half an hour,4,0,,,,8.1,THE ALCHEMIST FOLLOWED AS ZEBOS HORS REN FOR ALMOST HALF AN HOUR
cv-valid-dev/sample-000745.mp3,but you've got to leave me alone,1,0,sixties,female,us,4.2,BUT YOU'VE GOT TO LEAVE ME ALONE
cv-valid-dev/sample-000746.mp3,exactly answered the alchemist,2,0,twenties,female,,3.1,EXACTLY ANSWERED THE ALCHEMIST
cv-valid-dev/sample-000747.mp3,you wanna take this outside,1,0,twenties,male,us,3.4,YOU WANTO TAKE THIS OUTSIDE
cv-valid-dev/sample-000748.mp3,all you've got to do is talk to him,2,0,twenties,female,us,2.3,ALL YO'VE GOT TO DO IS TALK TO HIM
cv-valid-dev/sample-000749.mp3,it seemed such a little thing so bright and small and still,2,1,,,,5.2,IT SEEMED SUCH A LITTLE THING SO BRIGHT AND SMALL AND STILL
cv-valid-dev/sample-000750.mp3,the world speaks many languages the boy thought,1,0,fifties,female,us,2.9,THE WORLD SPEAKS MANY LANGUAGES THE BOY THOUGHT
cv-valid-dev/sample-000751.mp3,this is for you he said holding one of the parts out to the monk,1,0,,,,5.4,THIS IS FOR YOU HE SAID HOLDING ONE OF THE PARTS OUT OF THE MONK
cv-valid-dev/sample-000752.mp3,i don't think it's very ethical reading other people's stuff,2,0,fifties,male,england,5.0,I DON'T THINK IT'S VERY ETHICAL READING OTHER PEOPLE'S STUFF
cv-valid-dev/sample-000753.mp3,i promised that i would make my own decisions he said to himself,4,0,thirties,male,,4.4,I PROMISED THAT I WOULD MAKE MY OWN DECISIONS HE SAID TO HIMSELF
cv-valid-dev/sample-000754.mp3,i would bury it in the garden,1,0,,,,3.8,I WOULD BURY IT IN THE GARDEN
cv-valid-dev/sample-000755.mp3,can i see blood orgy of the leather girls at a movie house,1,0,fifties,male,england,4.7,CAN I SEE BLOOD ORGY OF THE LEATHER GIRLS AT A MOVIE HOUSE
cv-valid-dev/sample-000756.mp3,the boy continued to listen to his heart as they crossed the desert,2,1,,,,4.0,THE BOY CONTINUED TO LEAST INTO HIS HEART AS HE CROSSED THE DESERT
cv-valid-dev/sample-000757.mp3,i could just publish my code but that wouldn't reveal all the little lessons i learned along the way,2,0,,,,6.3,I COULD JUST PUBLISH MY COAT BUT THAT WOULDN'T REVEAL ALL THE LITTLE LESSONS I LEARNED ALONG THE WAY
cv-valid-dev/sample-000758.mp3,i hope some of the lines make you smile,1,0,thirties,male,us,3.2,I HOPE SOME OF THE LINES MAKE YOU SMILE
cv-valid-dev/sample-000759.mp3,they formed heaps that are visible a mile and a half away,4,0,fourties,female,us,5.9,THEY FORMED HEAPS THAT ARE VISIBLE A MILE AND A HALF AWAY
cv-valid-dev/sample-000760.mp3,show me some gratitude,1,0,twenties,male,us,3.0,SHOW ME SOME GRATITUDE
cv-valid-dev/sample-000761.mp3,prefetching is used to avoid cache misses,1,0,twenties,male,,3.5,PREFETCHING IS USED TO AVOID KASH MISZES
cv-valid-dev/sample-000762.mp3,the boy saw a man appear behind the counter,4,0,thirties,male,,4.0,THE BOYS SAW A MAN APPEAR BEHIND THE COUNTER
cv-valid-dev/sample-000763.mp3,but would you mind telling me who goes out,1,0,thirties,male,scotland,3.0,BUT W YOU MAIN TELLIN ME WHO GOES OUT
cv-valid-dev/sample-000764.mp3,everyone seemed very excited,6,0,fourties,male,us,3.3,EVERYONE SEEMED VERY EXCITED
cv-valid-dev/sample-000765.mp3,there was very little talking,1,0,,,,2.6,THERE WAS VERY LITTLE TALKING
cv-valid-dev/sample-000766.mp3,let's go and have some lunch said the crystal merchant,6,0,twenties,male,england,4.1,LET'S GO AND HAVE SOME LUNCH SAID THE CRYSTAL MERCHANT
cv-valid-dev/sample-000767.mp3,from where he sat he could observe the plaza,2,0,,,,6.0,FROM WHERE HE SAT HE COULD OBSERVE THE PLAZA
cv-valid-dev/sample-000768.mp3,he spent the entire morning observing the infrequent comings and goings in the street,1,0,,,,5.8,HE SPENT THE ENTIRE MORNING OBSERVING THE INFREQUENT COMINGS AND GOINGS IN THE STREET
cv-valid-dev/sample-000769.mp3,a monk dressed in black came to the gates,1,0,,,,2.9,A MONG TRESSED IN BLACK CAME TO THE GATE
cv-valid-dev/sample-000770.mp3,and ask for a glass of wine for me,1,0,,,,4.2,AND ASK FOR A GLASS OF WINE FOR ME
cv-valid-dev/sample-000771.mp3,the men fell into an animated discussion,1,0,seventies,male,england,4.1,THE MEN FELL INTO AN ANIMATED DISCUSSION
cv-valid-dev/sample-000772.mp3,you have enough gold to buy many sheep and many camels,1,0,,,,3.4,YOU HAVE ENOUGH GOLD TO BUY MANY SHEEP AND MANY CAMELS
cv-valid-dev/sample-000773.mp3,this desert was once a sea he said,1,0,,,,3.7,THIS DESERT WAS ONCE A SEA HE SAID
cv-valid-dev/sample-000774.mp3,i wished i had a light to smoke by,2,0,,,,5.5,I WISHED I HAD A LIGHT TO SMOKE BY
cv-valid-dev/sample-000775.mp3,it must have fallen while i was sitting over there,2,1,,,,5.0,IT MUST HAVE FALLEN WHILE I WAS SITTING OVER THERE
cv-valid-dev/sample-000776.mp3,now i can see that it hasn't been too bad,1,0,,,,5.3,NOW I CAN SEE THAT IT HASN'T BEEN TOO BAD
cv-valid-dev/sample-000777.mp3,my mother just called you,1,0,,,,2.4,MY MOTHER JUST CALLED YOU
cv-valid-dev/sample-000778.mp3,hires two personal trainers and make one of them train the other one,8,0,,,,4.8,HIRES TWO PERSONAL TRAINERS AND MAKE ONE OF THEM TRAIN THE OTHER ONE
cv-valid-dev/sample-000779.mp3,well i'd like to see their land and see how they live said his son,1,0,,,,6.0,WELL I'D LIKE TO SEE THE LAND AND SEE HOW THEY LIVE SAID HIS SON
cv-valid-dev/sample-000780.mp3,it's a simple story,2,0,thirties,female,england,2.1,IS A SIMPLE STORY
cv-valid-dev/sample-000781.mp3,i shall make us some ice cubes,1,0,,,,4.9,I SHALL MAKE US SOME ICE CUBES
cv-valid-dev/sample-000782.mp3,that's almost a hundred dollars a week,1,0,fifties,female,australia,3.5,THE THOM PEFONDE DOG TO WICK
cv-valid-dev/sample-000783.mp3,but the boy was quiet,3,0,,,,3.7,BUT THE BOY WAS QUIET
cv-valid-dev/sample-000784.mp3,the englishman vanished too gone to find the alchemist,2,1,twenties,male,,5.6,THE ENGLISHMAN VANISHED TOO GAN TO FIND THE ARCHEMIST
cv-valid-dev/sample-000785.mp3,i'm hunting with my falcon the alchemist answered,2,1,seventies,male,england,5.1,I'M HUNTING WITH MY FALCON THE ALCHEMIST ANSWERED
cv-valid-dev/sample-000786.mp3,and i'm certain you'll find it the alchemist said,1,0,,,,4.8,AND I'M CERTAIN YOU'LL FIND IT THE ALCHIMIST SAID
cv-valid-dev/sample-000787.mp3,one can imagine these two covered with sand running up the little street in the bright sunlight,1,0,teens,female,us,6.7,ONE CAN IMAGINE THESE TWO GOVERED WITH SUN WINDING UP THE LITTLE STREET IN THE BRIGHT SUNLIGHT
cv-valid-dev/sample-000788.mp3,nobody knew who malcolm was,2,0,,,,4.0,NOBODY KNEW WHO MALCOMB WAS
cv-valid-dev/sample-000789.mp3,the italian got her words mixed up,1,0,twenties,male,us,4.2,THE ITALIAN GOT HER WORDS MIXED UP
cv-valid-dev/sample-000790.mp3,and find out where the nearest telegraph office is,1,0,thirties,male,australia,3.2,AND FIND OUT WHERE THE NEAREST TELEGRAPH OFFICE IS
cv-valid-dev/sample-000791.mp3,i always have been,1,0,thirties,female,us,2.1,I ALWAYS HAVE BEEN
cv-valid-dev/sample-000792.mp3,of course this only reduces the severity of the problem,1,0,fifties,female,us,4.6,OF COURSE THIS ONLY REDUCES THE SEVERITY OF THE PROBLEM
cv-valid-dev/sample-000793.mp3,then why do you suppose he hasn't at least called up,2,0,twenties,male,us,4.2,THEN WHY DO YOU SUPPOSE HE HASN'T AT LEAST CALLED UP
cv-valid-dev/sample-000794.mp3,i'm already used to the way things are,7,1,thirties,male,england,3.2,I'M ALREADY USED TO THE WAY THINGS ARE
cv-valid-dev/sample-000795.mp3,the process of encrypting the hash value of a message is called digital signature,1,0,,,,7.8,THE PROCESS OF INCRIPTING THE HASH VALUE OF A MASSARCH IS CALLED DETUTIL SIGNATURE
cv-valid-dev/sample-000796.mp3,my wife pointed out to me the brightness of the red green and yellow signal lights,6,1,twenties,male,,5.5,MY WIFE POINTED OUT TO ME THE BRIGHTNESS OF THE RED GREEN AND YELLOW SIGNAL LIGHTS
cv-valid-dev/sample-000797.mp3,the boss sent me over with it,1,0,,,,2.8,THE BOSS SENT ME OVER WITH IT
cv-valid-dev/sample-000798.mp3,it sounded like a gypsy prayer,3,0,twenties,male,indian,2.1,A TANEL LIKE A DUCI BRIO
cv-valid-dev/sample-000799.mp3,it's true life really is generous to those who pursue their destiny the boy thought,1,0,,,,6.1,IT'S TRUE LIFE REALLY IS GENEROUS TO THOSE WHO PURSUE THEIR DESTINY THE BOY THOUGHT
cv-valid-dev/sample-000800.mp3,everyone seemed very excited,5,2,,,,2.3,EVERYONE SEEMED VERY EXCITED
cv-valid-dev/sample-000801.mp3,i won't shut up,1,0,thirties,female,england,1.8,I WON'T SHUT UP
cv-valid-dev/sample-000802.mp3,the two men hurried back and found the cylinder still lying in the same position,3,0,,,,5.3,THE TWO MEN HURRIED BACK AND FOUND THE CYLINDER STILL LYING IN THE SAME POSITION
cv-valid-dev/sample-000803.mp3,then he dropped his spade picked up his jacket and came out into the road,2,1,fifties,female,us,6.3,THEN HE DROPPED HIS SPADE PICKED UP HIS JACKET AND CAME OUT INTO THE ROAD
cv-valid-dev/sample-000804.mp3,i locked eyes with a fish in the tank,3,0,twenties,male,,3.9,I LOCKED ICE WITH A FISH ING A TANK
cv-valid-dev/sample-000805.mp3,my mind ran on the possibilities of its content,2,1,,,,3.1,MY MIND RAN ON THE POSSIBILITIES OF ITS CONTENT
cv-valid-dev/sample-000806.mp3,i heard what you were talking about the other day with the alchemist the wind said,2,0,thirties,male,indian,6.5,I HEARD WHAT YOU WERE TALKING ABOUT THE OTHER DAY WITH THE ALCHEMIST THE WIND SAID
cv-valid-dev/sample-000807.mp3,you wanna take this outside,4,0,,,,3.0,YOU WANT TO TAKE THIS OUTSIDE
cv-valid-dev/sample-000808.mp3,he began to dig at the base of the sycamore,4,0,,,,7.1,HE BEGAN TO DIG AT THE BASE OF THE SICAMBOR
cv-valid-dev/sample-000809.mp3,you're in luck you two the fat arab said,4,0,fifties,female,us,3.9,YOU'RE IN LUCK YOU TOO THE FAT ARAB SAID
cv-valid-dev/sample-000810.mp3,it had a diameter of about thirty yards,1,0,,,,3.5,IT HAD A DIAMETER OF ABOUT THIRTY YARDS
cv-valid-dev/sample-000811.mp3,i myself heard nothing of that,1,0,thirties,male,england,4.1,I MYSELF HEARD NOTHING OF THAT
cv-valid-dev/sample-000812.mp3,but arms cannot be drawn unless they also go into battle,1,0,,,,5.9,BUT ARMS CANNOT BE DRAWN UNLESS THEY ALSO GO INTO BATTLE
cv-valid-dev/sample-000813.mp3,the people were also praying to heaven for protection,1,0,,,,4.2,THE PEOPLE WERE ALSO PRAYING TO HEAVEN FOR PROTECTIO
cv-valid-dev/sample-000814.mp3,the old man gave a signal and everyone stood,3,0,fifties,male,scotland,3.2,THE OLD MAN GAVE A SIGNAL AND EVERYONE STOOD
cv-valid-dev/sample-000815.mp3,like everybody learns he said,2,0,fourties,male,canada,3.7,LIKE EVERYBODY LEARNS HE SAID
cv-valid-dev/sample-000816.mp3,you have been stopping me,3,1,,,,2.5,YOU HAVE BEEN STOPPING ME
cv-valid-dev/sample-000817.mp3,camels are traitorous they walk thousands of paces and never seem to tire,2,0,,,,6.4,CAMELS ARE TREACHEROUS THEY WALK THOUSANDS OF PACES AND NEVER SEEM TO TIRE
cv-valid-dev/sample-000818.mp3,if i don't find it i can always go home,1,0,,,,3.5,IF I DON'T VANGE IT I CAN ALWAYS GO HOME
cv-valid-dev/sample-000819.mp3,then suddenly they kneel and die,3,0,thirties,male,newzealand,3.8,THEN SUDDENLY THEY KNEEL AND DIE
cv-valid-dev/sample-000820.mp3,he moved about invisible but everyone could hear him,1,0,,,,4.0,HE MOVED ABOUT INVISIBLE BUT EVERY ONE COULD HEAR HIM
cv-valid-dev/sample-000821.mp3,goodbye said the boy,4,0,,,,3.5,GOOD BAY SAID THE BOY
cv-valid-dev/sample-000822.mp3,that woman is gonna be on that roof,2,0,thirties,male,southatlandtic,3.5,THAT WOMAN IS GOING TO BE ON THAT ROOF
cv-valid-dev/sample-000823.mp3,there were raised voicesand some sort of struggle appeared to be going on ,3,0,,,,7.2,THERE WERE RAISED VOICES AND SOME SORT OF STRUGGLE APPEARED TO BE GOING ON
cv-valid-dev/sample-000824.mp3,besides that there was a heap of bicycles,3,0,,,,3.1,BESIDES THAT THERE WAS A HEAP OF BICYCLES
cv-valid-dev/sample-000825.mp3,is there a mrs joshua,1,0,,,,2.8,IS THERE A MISSUS JOSHUA
cv-valid-dev/sample-000826.mp3,the horizon was tinged with red and suddenly the sun appeared,3,0,twenties,male,,7.2,THE HORIZON WAS TINKED WITH RED AND SUDDENLY THE SUN APPEARED
cv-valid-dev/sample-000827.mp3,and it goes for you too,2,0,,,us,2.6,AND IT GOES FOR YOU TOO
cv-valid-dev/sample-000828.mp3,suddenly there is so much more time in a day because she no longer has to spend hours commuting,3,0,twenties,female,indian,7.2,SUDDENLY THERE IS SO MUCH MORE TIME IN A DAY BECAUSE SHE NO LONGER HAS TO SPEND HOURS COMMUTING
cv-valid-dev/sample-000829.mp3,i can't quite hear you,2,0,,,,4.5,I CAN'T QUITE HEAR YOU
cv-valid-dev/sample-000830.mp3,they mounted their horses,1,0,,,,4.5,THEY MOUNTED THEIR HORSES
cv-valid-dev/sample-000831.mp3,never give up,1,0,,,,3.1,NEVER GIVE UP
cv-valid-dev/sample-000832.mp3,i've got the party here,1,0,fifties,female,australia,3.0,IAVE GOT THROUGH THE BATETHEA
cv-valid-dev/sample-000833.mp3,the next thing the dope wants is a room,2,0,,,,3.7,THE NEXT THING THE DOB WONES AS A WOMB
cv-valid-dev/sample-000834.mp3,i'm an old superstitious arab and i believe in our proverbs,8,0,,,,3.8,I'M AN OLD SUPERSTITIOUS ARAB AND I BELIEVE IN OUR PROVERBS
cv-valid-dev/sample-000835.mp3,what did he buy a paper for,1,0,,,,4.0,WHAT DID HE BUY A PAPER FOR
cv-valid-dev/sample-000836.mp3,will you trust him that he does it right,1,0,,,,3.1,WILL YOU TRUST HIM THAT HE DOES IT RIGHT
cv-valid-dev/sample-000837.mp3,you can count on me under one condition,1,0,thirties,male,,2.8,YOU CAN COUNT ON ME UNDER ONE CONDITION
cv-valid-dev/sample-000838.mp3,it brought his heart into his mouth,4,0,thirties,male,australia,1.8,IT BROUGHT HIS HEART INTO HIS MOUTH
cv-valid-dev/sample-000839.mp3,the idea frightened him,6,3,,,,2.7,YOUR DEA FRALID IN HIM
cv-valid-dev/sample-000840.mp3,somebody's driving this cab,1,0,twenties,male,,2.1,SOMEBODY'S THRYING THIS KIT
cv-valid-dev/sample-000841.mp3,then he dropped his spade picked up his jacket and came out into the road,1,0,,,,6.1,THEN HE DROPPED HIS SPADE PICKED UP HIS JACKET AND CAME OUT INTO THE ROAD
cv-valid-dev/sample-000842.mp3,and for wise men gold is the metal that evolved the furthest,3,0,,,,6.3,AND FOR WISE MEN GOLD IS THE METAL THAT EVOLVED THE FURTHEST
cv-valid-dev/sample-000843.mp3,the fire burned the fox,1,0,thirties,male,indian,2.4,THE FIRE BURNED THE FOX
cv-valid-dev/sample-000844.mp3,when i returned to the common the sun was setting,7,0,,,,4.1,WHEN I RETURNED TO THE COMMON THE SUN WAS SETTING
cv-valid-dev/sample-000845.mp3,i don't understand what you're talking about the desert said,3,0,teens,male,us,3.9,I DON'T UNDERSTAND WHAT YOU'RE TALKING ABOUT THE DESERT SAID
cv-valid-dev/sample-000846.mp3,and in that mood he was grateful to be in love,1,0,thirties,female,newzealand,4.3,AND IN THAT MOOD HE WAS GRATEFUL TO BE IN LOVE
cv-valid-dev/sample-000847.mp3,i ain't seen him for a week,2,0,twenties,male,us,2.4,I AIN'T SEEN EM FOR A WEEK
cv-valid-dev/sample-000848.mp3,when doing reinforcement learning we have to find a suitable tradeoff between exploration and exploitation,1,0,,,,8.1,WHEN DOING REINFORCEMENT LEARNING WE HAVE TO FIND A SUITABLE TRADE OFF BETWEEN EXPLORATION AND EXPLOITATION
cv-valid-dev/sample-000849.mp3,they forgot that lead copper and iron have their own destinies to fulfill,2,1,,,,8.1,THEY FORGOT THAT LEED COPPER AND IRON HAVE THEIR OWN DESTINIES TO FULFIL
cv-valid-dev/sample-000850.mp3,from the railway station in the distance came the sound of trains ringing and rumbling,2,1,,,,6.4,FROM THE RAILWAY STATION IN THE DISTANCE CAME THE SAD TRAINS RINGING AND RUMBLING
cv-valid-dev/sample-000851.mp3,they formed heaps that are visible a mile and a half away,3,0,fifties,female,australia,3.9,THEY FORMED HEAPS THAT ARE VISIBLE A MILE AND A HALF WIDE
cv-valid-dev/sample-000852.mp3,is daddy in trouble,1,0,thirties,male,us,2.0,STADDY IN TROUBLE
cv-valid-dev/sample-000853.mp3,that is an antelope my son,3,0,,,,3.3,RHAD IS AN ANTELOPE MY SON
cv-valid-dev/sample-000854.mp3,it's extremely suspicious that there's no information about brains that didn't come from a brain,5,0,,,,6.2,IT'S EXTREMELY SUSPICIOUS THAT THERE'S NO INFORMATION ABOUT BRAINS THAT DIDN'T COME FROM A BRAIN
cv-valid-dev/sample-000855.mp3,the boy awoke before dawn,4,0,fourties,male,us,1.9,THE BOY AWOKE BEFORE DAWN
cv-valid-dev/sample-000856.mp3,it's extremely suspicious that there's no information about brains that didn't come from a brain,3,0,twenties,female,us,5.4,IT'S EXTREMELY SUSPICIOUS THAT THERE'S NO INFORMATION ABOUT BRAINS THAT DIDN'T COME FROM A BRAIN
cv-valid-dev/sample-000857.mp3,one can imagine these two covered with sand running up the little street in the bright sunlight,2,0,sixties,male,newzealand,7.1,ONE CAN IMAGINE THESE TWO COVERD WILL SEND RUNNING UP THE LITTLE STREET AN THE BRIGHT SUNLIGHT
cv-valid-dev/sample-000858.mp3,i feel like a bootlegger,1,0,,,,3.2,I FEEL LIKE A BOOT LAKER
cv-valid-dev/sample-000859.mp3,why did you want to see me the boy asked,3,0,,,,3.6,WHY DID YOU WANT TO SEE ME THE BOY ASKED
cv-valid-dev/sample-000860.mp3,that's why i'm quitting,1,0,twenties,male,england,3.3,THAT'S WHY I'M QUETTING
cv-valid-dev/sample-000861.mp3,who is your favourite author,1,0,thirties,male,england,2.6,WHO IS YOUR FAVOURITE AUTHOR
cv-valid-dev/sample-000862.mp3,of course the two were unable to do anything,3,1,,,,3.9,OF COURSE WITH FEW MORE UNABLE TO DO ANYTHING
cv-valid-dev/sample-000863.mp3,there are powerful forces on both sides and the war is important to both armies,1,0,,,,6.6,THEY HAVE POWERFUL FORCES ON BOTH SIDES AND THE WAR IS IMPORTANT TO BOTH ARMIES
cv-valid-dev/sample-000864.mp3,would you like to see where i was tattooed,1,0,,,,3.5,WOULD YOU LIKE TO SEE WHERE I WAS TATTOOED
cv-valid-dev/sample-000865.mp3,there are only eight flags up there now,1,0,fourties,male,us,4.2,THERE ARE ONLY EIGHT FLAGS UP THERE NOW
cv-valid-dev/sample-000866.mp3,if you can concentrate always on the present you'll be a happy man,2,0,,,,6.9,IF A CIN CONCENTRATE ALWAYS ON THE PRESENT YOU WILL BE A HAPPY MAN
cv-valid-dev/sample-000867.mp3,the shop is exactly the size i always wanted it to be,2,0,,,,5.8,THE SHOP IS EXACTLY THE SIZED I ALWAYS WANTED IT TO BE
cv-valid-dev/sample-000868.mp3,the crowd swayed a little as i elbowed my way through,3,0,,,,4.7,THE CROWD SWAYED A LITTLE AS I ELBOWED MY WAY THROUGH
cv-valid-dev/sample-000869.mp3,there were raised voicesand some sort of struggle appeared to be going on ,2,0,,,,8.5,THERE WERE RAISED VOICES AND SOME SORT OF STRUGGLE APPEARED TO BE GOING ON
cv-valid-dev/sample-000870.mp3,the article should contain url where the dataset can be downloaded,1,0,fifties,female,us,4.8,THE ARTICLE SHOULD CONTAIN YOU ARE L WHERE THE DATA SET CAN BE DOWN LOADED
cv-valid-dev/sample-000871.mp3,but he's on the right track,2,1,,,,6.0,BUT HE IS ON THE RIGHT TRACK
cv-valid-dev/sample-000872.mp3,i've handled a good many big promotions in my time,3,0,,,,4.2,I'VE HANDLED A GOOD MANY BIG PROMOTIONS IN MY TIME
cv-valid-dev/sample-000873.mp3,it's only a few words mumbled over you by a judge,1,0,,,,5.5,IT'S ONLY A FEW BOTS MUMBLED OVER YOU BY A JUDGE
cv-valid-dev/sample-000874.mp3,we had to rush down the minute it happened,1,0,,,,4.4,WE HAD TO RUSH DOWN THE MINUTE IT HAPPENED
cv-valid-dev/sample-000875.mp3,how much is your equity in it,1,0,thirties,male,scotland,1.9,HOW MUCH IS YOUR EQUITY IN
cv-valid-dev/sample-000876.mp3,we cannot forget that farce,1,0,,,,2.5,WE CANNOT FORGET THAT FARCE
cv-valid-dev/sample-000877.mp3,if i had told you you wouldn't have seen the pyramids,2,0,teens,female,canada,3.1,IF I HAD TOLD YOU YOU WOULDN'T HAVE SEEN A PEARAMENS
cv-valid-dev/sample-000878.mp3,but there was something there in his heart that wouldn't allow him to do so,1,0,,,,4.9,BUT THERE WAS SOMETHING THERE IN HIS HEART THAT WOULDN'T ALLOW HIM TO DO SO
cv-valid-dev/sample-000879.mp3,you shouldn't be here the alchemist answered,3,0,,,,4.9,YOU SHOULDN'T BE HERE THE ALCHEMIST ANSWERED
cv-valid-dev/sample-000880.mp3,and he wasn't faring much better,1,0,fourties,male,us,3.5,AND HE WASN'T FARING MUCH BETTER
cv-valid-dev/sample-000881.mp3,he noticed the unequal cooling of its surface,4,0,twenties,female,canada,4.7,HE NOTICED THE UNEQUAL COOLING OF ITS SURFACE
cv-valid-dev/sample-000882.mp3,the boy put the stones in his pouch,1,0,,,,3.8,THE BOY PUT THE STONES IN HIS POUCH
cv-valid-dev/sample-000883.mp3,how do you like it,1,0,,,,4.3,I WILL DO YOU LIKE IT
cv-valid-dev/sample-000884.mp3,how strange africa is thought the boy,1,0,,,,5.7,HOW STRANGE AFRICA IS THOUGHT THE BOY
cv-valid-dev/sample-000885.mp3,if i told you it might not come true,2,0,,,,4.0,IF I TOLD YOU IT MIGHT NOT COME TRUE
cv-valid-dev/sample-000886.mp3,but maybe i'll never have another chance to get to the pyramids in egypt,1,0,,,,5.5,BUT MAYBE I'LL NEVER HAVE ANOTHER CHANCE TO GET TO THE PYRAMIDS IN EGYPT
cv-valid-dev/sample-000887.mp3,he called to the boy and they took a walk along the dunes surrounding the encampment,1,0,,,,6.6,HE CALLED TO THE BOY AND THEY TOOK A WALK ALONG THE DOONES SURROUNDING THUT ENCAMPMENT
cv-valid-dev/sample-000888.mp3,if a person is living out his destiny he knows everything he needs to know,1,0,,,,5.9,IF A PERSON IS LIVING OUT HIS DESTINY HE KNOWS EVERYTHING HE NEEDS TO DO
cv-valid-dev/sample-000889.mp3,no one seemed to have thought about it that night,9,0,,,,3.8,NO ONE SEEMED TO HAVE THOUGHT ABOUT IT THAT NIGHT
cv-valid-dev/sample-000890.mp3,then one day the boy returned the books to the englishman,3,0,,,,3.6,THEN ONE DAY AS TA BOY RETURNED THE BOOKS TO THE ENGLISHMAN
cv-valid-dev/sample-000891.mp3,didn't you tell her,2,0,fourties,female,us,1.9,DIDN'T YOU TELL HER
cv-valid-dev/sample-000892.mp3,he didn't know the man yet but his practiced eye would recognize him when he appeared,1,0,,,,6.3,HE DIDN'T KNOW THE MAN YET BUT HIS PRACTISED EYE WOULD RECOGNIZE HIM WHEN HE APPEARED
cv-valid-dev/sample-000893.mp3,the battles may last for a long time perhaps even years,1,0,fourties,female,us,4.7,THE BATTLES MAY LAST FOR A LONG TIME PERHAPS EVEN YEARS
cv-valid-dev/sample-000894.mp3,the alchemist was a bit daunting but as the boy drank the wine he relaxed,6,2,,,,4.7,THE ALCHEMIST WAS A BIT DAUNTING BUT AS THE BOY DRANK THE WINE HE RELAXED
cv-valid-dev/sample-000895.mp3,so the wind blew with all its strength and the sky was filled with sand,3,0,,,,6.7,SO THE WIND BLEW WITH ALL ITS STRENGTH AND THE SKY WAS FILLED WITH SAND
cv-valid-dev/sample-000896.mp3,i want to see the chieftains,1,0,,,,3.6,I WANT TO SEE THE CHIEFTAINS
cv-valid-dev/sample-000897.mp3,the time must have been somewhere around six o'clock,3,0,,,,3.6,THEI TINIEST IT EN SOMEWHERE AROUND SIX O'CLOCK
cv-valid-dev/sample-000898.mp3,it's usually customary to bring the money with you,3,0,,,,7.9,IT'S USUALLY CUSTOMARY TO BRING THE MONEY WITH YOU
cv-valid-dev/sample-000899.mp3,upon returning to the wise man he related in detail everything he had seen,2,0,,,,4.8,UPON RETURNING TO THE WISE MAN HE RELATED IN DETAIL EVERYTHING HE HAD SEEN
cv-valid-dev/sample-000900.mp3,but he appeared to be unaware of any danger,1,0,,,,4.1,BUT HE APPEARED TO BE UNAWARE OF ANY DANGER
cv-valid-dev/sample-000901.mp3,that woman is gonna be on that roof,1,0,,,,4.2,THAT WOMAN IS GOING TO BE ON THAT ROOF
cv-valid-dev/sample-000902.mp3,the families will be here soon,1,0,twenties,male,,3.3,THE FAMILIES WILL BE HERE SOON
cv-valid-dev/sample-000903.mp3,everyone when they are young knows what their destiny is,1,0,,,,6.8,EVERY ONE WHEN THEY ARE YOUNG KNOWS WHAT THAT DESTINY IS
cv-valid-dev/sample-000904.mp3,i'm going to tell your mother on you,1,0,,,,3.2,I'M GOING TO TELL YOUR MOTHER ON YOU
cv-valid-dev/sample-000905.mp3,two days later the merchant spoke to the boy about the display,1,0,,,,6.4,TWO DAYS LATER THE MERCHANT SPOKE TO THE BOY ABOUT THE DIS
cv-valid-dev/sample-000906.mp3,the arrow was pointing to the exit,1,0,,,,3.2,THE ARROW WAS POINTING TO THE EXIT
cv-valid-dev/sample-000907.mp3,what is it about,1,0,,,,5.1,WHAT IS IT ABOUT
cv-valid-dev/sample-000908.mp3,the boy became fearful the omens told him that something was wrong,3,0,,,,6.0,THE BOY BECAME FEARFUL THE OMENS TOLD HIM THAT SOMETHING WAS WRONG
cv-valid-dev/sample-000909.mp3,we know that and we are used to it,2,1,fourties,male,canada,3.4,WE KNOW THAT AND WE'RE USED TO IT
cv-valid-dev/sample-000910.mp3,everyone seemed very excited,3,0,,,,2.5,EVERYONE SEEMED VERY EXCITED
cv-valid-dev/sample-000911.mp3,he needed someone to talk to so as to avoid thinking about the possibility of war,3,0,,,,6.1,HE NEEDED SOME ONE TO TALK TO SO AS TO AVOID THINKING ABOUT THE POSSIBILITY OF WAR
cv-valid-dev/sample-000912.mp3,the news was chilling to say the least,1,0,thirties,male,england,3.6,THE NEWS WAS CHILLIN TO SAY THE LEAST
cv-valid-dev/sample-000913.mp3,at that point the omens will tell you that your treasure is buried forever,2,0,twenties,male,us,4.7,AT THAT POINT THE OMENS WILL TELL YOU THAT YOUR TREASURE IS BURIED FOREVER
cv-valid-dev/sample-000914.mp3,in spite of this i still believed that there were men in mars,3,0,,,,5.5,IN SPITE OF THIS I STILL BELIEVE THAT THERE WERE MEN IN MARS
cv-valid-dev/sample-000915.mp3,i'm sure she'll be all right,1,0,fifties,female,indian,2.5,I'M SURE SHE'LL BE ALL RIGH
cv-valid-dev/sample-000916.mp3,this desert was once a sea he said,3,0,,,,3.0,THE DESERT WAS ONE TO SEA HE SAID
cv-valid-dev/sample-000917.mp3,i wanted them to be a part of your inheritance,1,0,,,,4.5,HE WANTED THEM TO BE A PARK OF ROR INHERITANCE
cv-valid-dev/sample-000918.mp3,besides that there was a heap of bicycles,3,0,,,,3.3,BESIDES THAT THERE WAS A HEAP OF BICYCLES
cv-valid-dev/sample-000919.mp3,he appeared with the first stars of evening,6,1,twenties,male,indian,3.1,HE APPEARED WITH THE FUSTARS OF EVENING
cv-valid-dev/sample-000920.mp3,i didn't know shepherds knew how to read said a girl's voice behind him,2,0,,,,8.1,I DIDN'T KNOW SHEPHERDS KNEW HOW TO READ SAID A GIRL'S VOICE BEHIND HIM
cv-valid-dev/sample-000921.mp3,and he asked the boy if he too were in search of the alchemist,3,0,,,,5.5,AND HE ASKED THE BOY IF HE TOO WERE IN SEARCH OF THE ALCHEMIES
cv-valid-dev/sample-000922.mp3,then suddenly they kneel and die,1,0,,,,6.2,THEN SUDDENLY THEY KNEEL AND DIE
cv-valid-dev/sample-000923.mp3,i'm not going very far the alchemist answered looking straight into the eyes of the horsemen,4,0,twenties,male,ireland,7.2,I AM NOT GOING VERY FAR THE ALCHIMIST ANSWERED LOOKING STRAIGHT INTO THE EYES OF THE HORSE MEN
cv-valid-dev/sample-000924.mp3,i wanted to sleep a little longer he thought,3,1,,,,4.3,I WANTED TO SLEEP A LITTLE LONGER HE THOUGHT
cv-valid-dev/sample-000925.mp3,it's a man who understands nature and the world,2,0,,,,4.1,IT'S A MAN WHO UNDERSTANDS NATURE AND THE WORLD
cv-valid-dev/sample-000926.mp3,turning the air conditioning on leads to an increased fuel consumption,1,0,fourties,male,us,6.3,TURNING THE AIR CONDITIONING ON LEADS TO AN INCREASED FUEL CONSUMPTION
cv-valid-dev/sample-000927.mp3,it must have fallen while i was sitting over there,4,0,,,,3.1,IT MUST HAVE FALLEN WHILE I WAS SITTING OVER THERE
cv-valid-dev/sample-000928.mp3,not until the moon was high did the alchemist ride into view,3,0,,,,6.5,NOT UNTIL THE MOON WAS HIGH DID THE ALCHEMIST RIDE INTO VIEW
cv-valid-dev/sample-000929.mp3,that's true the boy thought,3,0,teens,female,england,4.4,THAT'S TRUE THE BOY THOUGHT
cv-valid-dev/sample-000930.mp3,i wished i had a light to smoke by,30,3,,,,4.5,I WISH I HAD A LIGE TO SMOKE BY
cv-valid-dev/sample-000931.mp3,it's the philosophy that guarantees everyone's freedom,1,0,,,,6.5,IT'S THE PHILOSOPHY THAT GUARANTEES EVERY ONE'S FREEDOM
cv-valid-dev/sample-000932.mp3,i have no information about troops or about the movement of the tribes,2,0,,,,8.7,I HAVE NO INFORMATION ABOUT TROOPS OR ABOUT THE MOVEMENT OF THE TRIBES
cv-valid-dev/sample-000933.mp3,if good things are coming they will be a pleasant surprise said the seer,2,0,,,,7.5,IF GOOD THINGS ARE COMING THEY WILL BE A PLEASANT SURPRISE SAID THE SEER
cv-valid-dev/sample-000934.mp3,i wouldn't live in it as a ghost,3,0,thirties,male,us,2.8,I WOULDN'T LIVE IN IT AS A GHOST
cv-valid-dev/sample-000935.mp3,tell your heart that the fear of suffering is worse than the suffering itself,3,0,twenties,male,england,5.7,TELL YOUR HEART THAT THE FEAR OF SUFFERING IS WORSE THAN THE SUFFERING ITSELF
cv-valid-dev/sample-000936.mp3,but they're somebody's children,2,0,thirties,female,england,2.0,BUT THEY'RE SOMEBODY'S CHILDREN
cv-valid-dev/sample-000937.mp3,and there you were in bed,1,0,,,,2.5,AND THERE YE WERE INBAD
cv-valid-dev/sample-000938.mp3,the hydrogen gas escaped,1,0,,,,3.0,THE HYDROGEN GAS ESCAPED
cv-valid-dev/sample-000939.mp3,one can imagine these two covered with sand running up the little street in the bright sunlight,7,0,,,,10.1,ONE CAN IMAGINE THESE TWO COVERED WITH SAND RUNNING UP A LITTLE STREET IN THE BRIGHT SUNRIGHT
cv-valid-dev/sample-000940.mp3,the tribal chieftains will see that and you'll be dismissed from your position as counselor,2,0,,,,5.0,THE TRIBAL CHIEFTAINS WILL SEE THAT AND YOU'LL BE DISMISSED FROM YOUR POSITION AS COUNCELLOR
cv-valid-dev/sample-000941.mp3,too bad i couldn't see this guy first,2,0,thirties,male,england,3.2,TOO BAD I COULDN'T SEE THE SKY FIRST
cv-valid-dev/sample-000942.mp3,the old man leafed through the book and fell to reading a page he came to,1,0,,,,5.3,THE OLD MAN LEAPED THROUGH THE BOOK AND FELL TO READING A PAGE HE CAME TO
cv-valid-dev/sample-000943.mp3,about eleven i walked back to my home in maybury because nothing seemed to be happening,1,0,,,,5.7,ABOUT ELEVEN I WALKED BACK TO MY HOME IN NAYBURY BECAUSE NOTHING SEEMED TO BE HAPPENING
cv-valid-dev/sample-000944.mp3,he said he couldn't have handled it better himself,1,0,,,,9.7,HE SAID HE COULDN'T HAVE HANDLED IT BETTER HIMSELF
cv-valid-dev/sample-000945.mp3,i wonder what's keeping mother,1,0,,,,3.3,I WONDER WHAT'S KEEPING MOTHER
cv-valid-dev/sample-000946.mp3,one is loved because one is loved,2,0,thirties,male,us,3.6,ONE IS LOVED BECAUSE ONE IS LOVED
cv-valid-dev/sample-000947.mp3,the boy awoke before dawn,3,0,,,,3.1,THE BOY AWOKE BEFORE DAWN
cv-valid-dev/sample-000948.mp3,he decided to stay right there and await his return,1,0,,,,4.5,HE DECIDED TO STAY RIGHT THERE AND AWAIT HIS RETURN
cv-valid-dev/sample-000949.mp3,that's why i feel that i deserve a part of what you find,1,0,,,,3.2,THAT'S WHY I FEEL I DESERVE PART OF WHAT YOU FIND
cv-valid-dev/sample-000950.mp3,as the sun rose the men began to beat the boy,2,0,fourties,female,us,4.8,AS THE SUN ROSE THE MEN BEGAN TO BEAT THE BOY
cv-valid-dev/sample-000951.mp3,the turf and gravel around it seemed charred as if by a sudden explosion,8,1,,,,9.3,THE TURF AND GRAVEL AROUND IT SEEMED CHARRED AS IF BY A SUDDEN EXPLOSION
cv-valid-dev/sample-000952.mp3,what do you mean by that,2,0,thirties,female,us,2.3,WHAT DO YOU MEAN BY THAT
cv-valid-dev/sample-000953.mp3,given only the public key it is very hard to compute the private one,1,0,twenties,other,us,5.1,GIVEN ONLY THE PUBLIC KEY IT IS VERY HARD TO COMPUTE THE PRIVATE ONE
cv-valid-dev/sample-000954.mp3,it's the oasis said the camel driver,1,0,teens,male,,3.0,IT'S STILRASIS SAID A CAMEL DRIVER
cv-valid-dev/sample-000955.mp3,we have also started contemplating the possibility of moving back to colorado,1,0,fourties,male,england,5.4,WE HAVE ALSO STARTED CONTEMPLATING THE POSSIBILITY OF MOVING BACK TO COLORADO
cv-valid-dev/sample-000956.mp3,the news was chilling to say the least,2,0,fourties,female,england,4.6,THE NEED OF KILLING SIDE THE LAKE
cv-valid-dev/sample-000957.mp3,and he looked out over the desert that had brought him to the woman he loved,2,0,,,,6.7,AND HE LOOKED OUT OVER THE DESERT THAT HAD BROUGHT HIM ANTO THE WOMAN HE LOVED
cv-valid-dev/sample-000958.mp3,so you know about love the boy said,3,1,,,,3.9,SO YOU KNOW ABOUT LOVE THE BOY SAID
cv-valid-dev/sample-000959.mp3,every search begins with beginner's luck,1,0,,,,3.0,EVERY SEARCH BEGINS WITH BEGINNER'S LUCK
cv-valid-dev/sample-000960.mp3,he came to understand its dodges and tricks and to accept it as it was,1,0,,,,5.1,HE CAME TO UNDERSTAND ITS DARCHESS AND TRAKS AND TO ACCEPT IT AS IT WAS
cv-valid-dev/sample-000961.mp3,why you lied to me,1,0,,,,2.2,WHY YOUVITE ME
cv-valid-dev/sample-000962.mp3,there was a small building there with a window at which people bought tickets to africa,2,1,,,,5.1,THERE WAS A SMALL BUILDING THERE WITH A WINDOW AT WHICH PEOPLE ABOUT DICKETS TO A FRICA
cv-valid-dev/sample-000963.mp3,the caravan moved toward the east,2,1,,,,4.3,THE CARABAN MOONED TOWARDS THE EAST
cv-valid-dev/sample-000964.mp3,it was seen early in the morning rushing over eastward,3,0,,,,8.1,HIT WAS SEEN ODDLY IN THE MORNING ROSSING ROVER IS DRAN
cv-valid-dev/sample-000965.mp3,no one seemed to have thought about it that night,1,0,,,,3.8,NO ONE SEEMED TO HAVE THOUGHT ABOUT IT THAT NIGHT
cv-valid-dev/sample-000966.mp3,but i'm going to egypt the boy said,1,0,,,,3.8,BUT I AM GOING TO EAGIT THE BOY SAID
cv-valid-dev/sample-000967.mp3,you've resented me from the first moment you saw me,1,0,,,,3.0,YOU RESENTED ME FROM THE FIRST MOMENT YOU SAW ME
cv-valid-dev/sample-000968.mp3,the sheep had taught him that,4,0,thirties,female,canada,2.6,THE SHEEP HAD TAUGHT HIM THAT
cv-valid-dev/sample-000969.mp3,you don't have to apologize,2,0,teens,male,us,1.8,YOU DON'T HAVE TO APOLOGIZE
cv-valid-dev/sample-000970.mp3,i'm a sucker for it,1,0,,,,2.4,AND SUCCO FOR IT
cv-valid-dev/sample-000971.mp3,this was my destiny not yours the alchemist answered,2,0,,,,4.1,THIS WAS MY DESTINY NOT YOURS THE ALCHYMIST ANSWERED
cv-valid-dev/sample-000972.mp3,darren never saw a bottle till he was six months old,1,0,twenties,female,us,5.5,DARON NEVER SAW A BOTTLE TILL HE WAS SIX MONTHS OLD
cv-valid-dev/sample-000973.mp3,i got drunk yesterday and thought i built a super computer,3,0,,,,4.2,I GOT DRUNK YESTERDAY AND THOUGHT I'D BUILT TA SUPER COMPUTER
cv-valid-dev/sample-000974.mp3,i missed you and i couldnt call you but i tried,1,0,,,,3.7,I MISSED YOU AND I COULDN'T CALL YOU BUT I TRIED
cv-valid-dev/sample-000975.mp3,get the riot gear,2,0,,,,3.1,KET THE RIOT GEAR
cv-valid-dev/sample-000976.mp3,he called to the boy and they took a walk along the dunes surrounding the encampment,3,1,,,,5.8,HE CALLED TO THE BAA AND IT TOOK A WALK ALONG THE DUNE TARONDIN TE ENCAPMENT
cv-valid-dev/sample-000977.mp3,like crickets and like expectations like lizards and fourleaf clovers,3,0,,,,7.9,LIKE CRICKETS AND LIKE EXPECTATIONS LIKE LIZARDS AND FOUR LEAF CLOVERS
cv-valid-dev/sample-000978.mp3,a large portion of the cylinder had been uncovered,6,1,,,,6.0,A LARGE PORTION OF THE CYLINDER HAS BEEN UNCOVERED
cv-valid-dev/sample-000979.mp3,the turf and gravel around it seemed charred as if by a sudden explosion,2,0,,,,5.2,THE TURF AND GRAVEL AROUND IT SEEMED CHARRED AS IF BY A SUDDEN EXPLOSION
cv-valid-dev/sample-000980.mp3,they say it's a fake,1,0,thirties,male,us,2.9,DEY SAY IT'S FAKE
cv-valid-dev/sample-000981.mp3,the boy thought of fatima,1,0,sixties,male,us,2.5,THE BOY THOUGHT OF PHATIMA
cv-valid-dev/sample-000982.mp3,i wasn't born yesterday,1,0,,,,1.7,I WASN'T BORN YESTERDAY
cv-valid-dev/sample-000983.mp3,just by looking at them,1,0,,,,3.0,JUST BY LOOKING AT THEM
cv-valid-dev/sample-000984.mp3,luke i am your sister,1,0,thirties,male,england,6.0,BUKE I'M YOUR SISTAR
cv-valid-dev/sample-000985.mp3,folk is not my favorite music genre,1,0,fourties,male,canada,3.5,FOLK IS NOT MY FAVORITE MUSIC JONRA
cv-valid-dev/sample-000986.mp3,nobody knew who malcolm was,3,0,fourties,male,newzealand,3.6,NOBODY KNEW WHOM MALCOLME WAS
cv-valid-dev/sample-000987.mp3,most meteorites are more or less rounded,3,0,,,,5.8,MUS METURUITS ARE MORE OR LESS ROUNDED
cv-valid-dev/sample-000988.mp3,i want them both arrested,4,0,seventies,male,canada,3.7,I WANT THEM BOTH ARRESTED
cv-valid-dev/sample-000989.mp3,we miss you and miss having a friend like you and i am so happy that you two got to catch up,1,0,thirties,male,us,5.7,WE MISS YOU MISSHAVING A FRIEND LIKE YOU AND I'M SO HAPPY THE JUTES YOU GOT TO CATCH UP
cv-valid-dev/sample-000990.mp3,the tribal chieftain called for the boy and presented him with fifty pieces of gold,3,0,,,,5.2,THE TRIBAL CHIEFTAIN CALLED FOR THE BOY WHO PRESENTED HIM WITH FIFTY PIECES OF GOLD
cv-valid-dev/sample-000991.mp3,half an hour later his shovel hit something solid,3,0,,,,5.7,HALF AN HOUR LATER HIS SHOVEL HIT SOMETHING SOLID
cv-valid-dev/sample-000992.mp3,i have already described the appearance of that colossal bulk which was embedded in the ground,3,0,twenties,male,,7.0,I HAVE ALREADY DESCRIBED THE APPEARANCE OF THAT COLOSSAL BOOK WHICH WAS EMBELLED IN THE GROUND
cv-valid-dev/sample-000993.mp3,i thought you were going to teach me some of the things you know,1,0,,,,3.5,I THOUGHT YOU WERE GOING TO TEACH ME SOME OF THE THINGS YOU KNOW
cv-valid-dev/sample-000994.mp3,'everyone loved them and enjoyed them,2,0,,,,3.2,EVERYONE LAUGHED THEM AND ENJOYED THEM
cv-valid-dev/sample-000995.mp3,some went away while i was there and other people came,1,0,,,,5.4,SOME WENT AWAY WHILE I WAS THERE AND OTHER PEOPLE CAME
cv-valid-dev/sample-000996.mp3,wearing his new sandals he descended the stairs silently,6,0,,,,4.9,WEARING HIS NEW SANDALS HE DESCENDED THE STAIRS SILENTLY
cv-valid-dev/sample-000997.mp3,these are not camels,1,0,seventies,male,england,2.8,THESE ARE NOT CAMELS
cv-valid-dev/sample-000998.mp3,he heard a muffled grating sound and saw the black mark jerk forward an inch or so,3,0,,,,6.9,HE HEARD A MUFFLED GRATING SOUND AND SAW THE BLACK MARK JERK FORWARD AN INCH OR SO
cv-valid-dev/sample-000999.mp3,he began to dig at the base of the sycamore,1,0,,,,4.1,HE BEGAN TO DIG AT THE BASE OF THE SYCAMOR
cv-valid-dev/sample-001000.mp3,i told you i can't use your column any more,1,0,fifties,female,indian,2.7,I TOLD YOU I CAN'T USE TO FALLON ANY MO
cv-valid-dev/sample-001001.mp3,i got drunk yesterday and thought i built a super computer,4,0,,,,5.8,I GOT DRUNK YESTERDAY AND THOUGHT I BUILT A SUPERCOMPUTER
cv-valid-dev/sample-001002.mp3,you can get around very easily by train  which is a very relaxing and affordable way to travel,1,0,,,,7.3,YOU CAN GET AROUND VERY EASILY BY TRAIN WHICH IS A VERY RELAXING AND AFFORDABLE WAY TO TRAVEL
cv-valid-dev/sample-001003.mp3,he noticed the unequal cooling of its surface,9,1,,,,4.3,HE NOTICED THE UNEQUAL COOLING OF ITS SURFACE
cv-valid-dev/sample-001004.mp3,upon returning to the wise man he related in detail everything he had seen,3,0,fourties,male,england,5.2,UPON RECHARNING TO THE WISE MAN HE RELATED IN DETAIL EVERYTHING HE HAD SEEN
cv-valid-dev/sample-001005.mp3,you can do a lot just using your voice but there are still a few times you'll find yourself reaching for a mouse,1,0,,,,9.3,YOU CAN DO A LOT JUST USING YOUR VOICE BUT THERE ARE STILL A FEW TIMES YOU'LL FIND YOURSELF REACHING FOR A MOUSE
cv-valid-dev/sample-001006.mp3,you point to a trail of ants leading into the house,4,0,,,,3.1,HE POINT TO A TRAILO OF ANTS LEADING INTO THE HOUSE
cv-valid-dev/sample-001007.mp3,mecca is a lot farther away than the pyramids,1,0,,,,5.6,MECA IS A LOT FURTHER AWAY THAN THE PYRAMIDS
cv-valid-dev/sample-001008.mp3,as i watched the planet seemed to grow larger and smaller,1,0,,,,9.7,AS THEY WATCHED THE PLANE IT SEEMED TO GROW LARGER ONCE MORE
cv-valid-dev/sample-001009.mp3,you're the only one who could have it,1,0,,,,3.3,YOU ARE THE ONLY ONE WHO COULD HAVE IT
cv-valid-dev/sample-001010.mp3,but now i'm sad and alone,2,0,,,,2.5,BUT NOW I AM SAD AND ALONE
cv-valid-dev/sample-001011.mp3,of course the two were unable to do anything,3,0,twenties,male,us,3.6,OF COURSE THE TWO WERE UNABLE TO DO ANYTHING
cv-valid-dev/sample-001012.mp3,don't you know me,1,0,,,,2.1,DON'T YOU KNOW ME
cv-valid-dev/sample-001013.mp3,you will never reopen,3,0,,,,2.9,YOU WILL NEVER REOPEN
cv-valid-dev/sample-001014.mp3,i've had this shop for thirty years,1,0,,,,4.8,I HAVE HAD THIS SHOP FOR THIRTY YEARS
cv-valid-dev/sample-001015.mp3,judge may not think so,1,0,,,,2.1,GHARGEM I NON THINKS O
cv-valid-dev/sample-001016.mp3,my dog gave her life to save my child,1,0,thirties,female,england,3.0,MY DOG GAVE A LIFE TO SAVE MY CHILD
cv-valid-dev/sample-001017.mp3,don't try to enter into the life of the oasis,2,0,,,,3.7,DON'T TRY TO ENTER INTO THE LIFE OF THE OASIS
cv-valid-dev/sample-001018.mp3,the treasure is at the pyramids that you already knew,5,0,,,,4.4,THE TREASURE IS AT THE PYRAMIDS THAT YOU ALREADY KNEW
cv-valid-dev/sample-001019.mp3,i don't blame you,2,0,,,,2.8,I DON'T BLAME YOU
cv-valid-dev/sample-001020.mp3,curse the moment i met that old man he thought,1,0,fourties,female,england,3.6,CURSE THE MOMENT I MET THAT OLD MAN HE THOUGHT
cv-valid-dev/sample-001021.mp3,the soul of the world is nourished by people's happiness,1,0,,,,3.7,THE SOUL OF THE WORLD IS NOURISHED BY PEOPLE'S HAPPINESS
cv-valid-dev/sample-001022.mp3,there were raised voicesand some sort of struggle appeared to be going on ,4,1,teens,male,us,6.8,THERE WERE RAISED VOICES AND SOME SORT OF STRUGGLE APPEARED TO BE GOING ON
cv-valid-dev/sample-001023.mp3,there were really i think two or three hundred people elbowing one another,2,1,,,,9.2,THE EDWARD VELI I THINK TWO OR THREE HUNDRED PETEM  AL WAING ONE OF THEM THET
cv-valid-dev/sample-001024.mp3,the snake slithered toward the shaded boulders under the cliff,1,0,fourties,male,us,4.0,THE SNAKES LITHERED TOWARD THE SHADED BOULDERS UNDER THE CLIFF
cv-valid-dev/sample-001025.mp3,from here on you will be alone the alchemist said,4,0,,,,3.9,FROM HERE ON YOU BE ALONE THE ALCHEMISTS SAID
cv-valid-dev/sample-001026.mp3,the boy remembered his dream and suddenly everything was clear to him,1,0,,,,4.6,THE BOY REMEMBERED HIS DREAM AND SUDDENLY EVERYTHING WAS CLEAR TO HIM
cv-valid-dev/sample-001027.mp3,it was a pleasant change from talking to his sheep,8,0,,male,us,3.5,IT WAS A PLEASANT CHANGE FROM TUCKINGTON'S SUIT
cv-valid-dev/sample-001028.mp3,and he asked the boy if he too were in search of the alchemist,2,1,,,,10.0,AND HE ASKED THE BOY IF HE TWO WERE IN SEARCH OF THE ALCAMIST
cv-valid-dev/sample-001029.mp3,i'll work all night until dawn and i'll clean every piece of crystal in your shop,1,0,,,,5.2,I'LL WORK ALL NIGHT UNTIL DAWN AND I'LL CLEAIN EVERY PIECE OF CRYSTAL IN YOUR SHOP
cv-valid-dev/sample-001030.mp3,we're not allowed to tell,1,0,,,,2.5,WE'RE NOT ALLOWED TO TELL
cv-valid-dev/sample-001031.mp3,and he wasn't faring much better,2,1,,,,2.6,HE WADN'T FARING MUCH BETHER
cv-valid-dev/sample-001032.mp3,but they were not there,3,0,thirties,male,us,2.4,BUT THEY WERE NOT THERE
cv-valid-dev/sample-001033.mp3,don't you know there are nine jobs waiting for this guy,3,0,twenties,male,us,3.6,DON'T YOU KNOW THERE ARE NINE JOPS WAITING FOR THIS GUY
cv-valid-dev/sample-001034.mp3,no that's not what i mean,1,0,,,,3.0,NO THAT'S NOT WHAT I MEAN
cv-valid-dev/sample-001035.mp3,mom took grandma to the garden center to hear the latin names of plants,1,0,,,,7.6,MOM TOO GRANDMA TO THE GARDEN CENTRE TO HEAR THE LATTER NAMES OF PLANTS
cv-valid-dev/sample-001036.mp3,sandra read aloud the strange excerpt,1,0,twenties,male,us,3.6,SANDRA READ ALOUD THE STRANGE EXERT
cv-valid-dev/sample-001037.mp3,there was absolutely no reason for her to announce it to the entire company,6,3,,,,5.3,THERE WAS ABSOLUTELY NO REASON FOR HER TO ANNOUNCE IT TO THE ENTIRE COM
cv-valid-dev/sample-001038.mp3,the criminals taunted the police officers and prison guards,1,0,thirties,male,us,3.7,THE CRIMINALS FONTED THE POLICE OF E SUSIN PRISONDAR
cv-valid-dev/sample-001039.mp3,and in that way the months passed,1,0,,,,3.5,AND IN THAT WAY DEMONTS PASSED
cv-valid-dev/sample-001040.mp3,the boy began again to read his book but he was no longer able to concentrate,3,0,fourties,female,canada,4.2,THE BOY BEGAN AGAIN TO READ HIS BOOK BUT HE WAS NO LONGER ABLE TO CONCENTRATE
cv-valid-dev/sample-001041.mp3,can you imagine that,1,0,,,,3.1,CAN YOU IMAGINE THAT THAT'S A CRAY
cv-valid-dev/sample-001042.mp3,in some places the ground was covered with the salt of driedup lakes,6,0,,,,5.4,IN SOME PLACES THE GROUND WAS COVERED WITH A SALT OF DRIED UP LAKES
cv-valid-dev/sample-001043.mp3,they went in to drink the tea which was served in beautiful crystal glasses,3,0,,,,8.4,THEY WENT IN TO DRINK THE TEA WHICH WAS SERVED IN BEAUTIFUL CRYSTAL GLASSES
cv-valid-dev/sample-001044.mp3,are you certain it's not a monster,1,0,fifties,female,indian,2.9,BY IS CERTAINTE SARTON ANS
cv-valid-dev/sample-001045.mp3,starting with his own,1,0,fifties,male,england,3.0,STARTING WITH HIS OWN
cv-valid-dev/sample-001046.mp3,that's why i keep losing,3,0,,,,2.7,THAT'S WHY I KEEP LOSING
cv-valid-dev/sample-001047.mp3,what had been next to him five minutes ago was now at the other side,5,0,,,,4.9,WHAT HAD BEEN NEXT TO HIM FIVE MINUTES AGO WAS NOW AT THE OTHER SIDE
cv-valid-dev/sample-001048.mp3,i don't trust anybody,2,0,,,,3.0,I DON'T TRUST ANYBODY
cv-valid-dev/sample-001049.mp3,i'll work all night until dawn and i'll clean every piece of crystal in your shop,2,0,twenties,male,us,6.4,I'LL WORK ALL NIGHT UNTIL DAWN AND I'LL CLEAN EVERY PIECE OF CRYSTAL IN YOUR SHOP
cv-valid-dev/sample-001050.mp3,but arms cannot be drawn unless they also go into battle,3,0,fifties,male,australia,5.7,BUT ARMS CANNOT BE DRAWN UNLESS THEY ALSO GO INTO BATTLE
cv-valid-dev/sample-001051.mp3,at most they thought that another meteorite had descended,8,0,twenties,female,bermuda,5.1,BUTMOST THEY THOUGHT THAT ANOTHER METEORITE HAD DESCENDED
cv-valid-dev/sample-001052.mp3,he wanted to forget about the vision and return to his meditation,1,0,,,,6.3,HE WANTED TO FORGET ABOUT THE VISION AND RETURN TO HIS MEDITATION
cv-valid-dev/sample-001053.mp3,the boy put the stones in his pouch,1,0,,,,4.6,THE BOY PUT THE STONES IN HIS POUCH
cv-valid-dev/sample-001054.mp3,that he wanted to travel,3,0,twenties,female,indian,4.1,THAT HE WANTED TO TRAVEL
cv-valid-dev/sample-001055.mp3,i went stretching my legs clumsily and feeling my way in the dark,2,0,,,,5.4,I WENT STRETCHING MY LEGS CLUMSILY AND FEELING MY WAY INTO THE DARK
cv-valid-dev/sample-001056.mp3,but then i realized she couldn't have been,2,0,,,,4.3,BUT THEN I REALIZED SHE COULDN'T HAVE BEEN
cv-valid-dev/sample-001057.mp3,if a person is living out his destiny he knows everything he needs to know,3,0,twenties,male,us,4.9,IF A PERSON IS LIVING OUT HIS DESTINY HE KNOWS EVERYTHING HE NEEDS TO KNOW
cv-valid-dev/sample-001058.mp3,just a memory right now it signified shade water and a refuge from the war,8,0,,,,7.9,JUST A MEMORY RIGHT NOW IT SIGNIFIED SHADE WATER AND A REFUGE FROM THE WAR
cv-valid-dev/sample-001059.mp3,they have cheap sausages and fries at the brewery tomorrow,1,0,twenties,male,,3.3,THEY HAVE A CHEAP SAUSAGE AND FRIES OF THE BRURIE TO MORROW
cv-valid-dev/sample-001060.mp3,they're not my sheep anymore he said to himself without nostalgia,3,0,,,,6.9,THEY ARE NOT MY SHEEP ANY MORE HE SAID TO HIMSELF WITHOUT NASTALJAH
cv-valid-dev/sample-001061.mp3,maybe this is an omen said the englishman half aloud,3,0,,,,4.0,MAYBE THIS IS AN OMEN SAID THE ENGLISHMAN HALF ALOUD
cv-valid-dev/sample-001062.mp3,they seemed to laugh at him and he laughed back his heart bursting with joy,4,0,fifties,female,us,7.8,THEY SEEMED TO LAUGH AT HIM AND HE LAUGHED BACK HIS HEART BURSTING WITH JOY
cv-valid-dev/sample-001063.mp3,laser tag is a game quite similar to paintball,2,0,thirties,female,us,6.1,FLAZER TAG IS A GAME QUITE SIMILAR TO PAINTBALL
cv-valid-dev/sample-001064.mp3,who'd you say it was,1,0,,,,3.4,WHOOULD YOU SAY IT WAS
cv-valid-dev/sample-001065.mp3,you can't go any farther one of them said,1,0,twenties,male,england,3.6,YOU CAN'T GO ANY FARTHER ONE OF THEM SAID
cv-valid-dev/sample-001066.mp3,i don't believe it,1,0,twenties,male,england,2.5,AH DOUN'T BELIEVE IT
cv-valid-dev/sample-001067.mp3,but he didn't need to worry about that right now,4,0,,,,2.5,BUT HE DIDN'T NEED TO WORRY ABOUT THAT RIGHT NOW
cv-valid-dev/sample-001068.mp3,the boy didn't know what to say,2,0,twenties,male,england,2.7,THE BOY DIDN'T KNOW WHAT TO SAY
cv-valid-dev/sample-001069.mp3,evidently we're the floor show,1,0,,,,2.6,EVIDENTLY WHERE THE FLOOR SHOW
cv-valid-dev/sample-001070.mp3,it's not i the wind spoke about,4,0,,,,3.5,IT'S NOT I THE WIND SPOKE ABOUT
cv-valid-dev/sample-001071.mp3,the boy stepped closer to the girl and when she smiled he did the same,2,0,sixties,male,newzealand,7.3,THE BOY STEPPED CLOSER TO THE GIRL AND WHEN SHE SMILED HE DID THE SAME
cv-valid-dev/sample-001072.mp3,the boy didn't know what to say,2,0,,,,4.2,THE BOY DO DIDN'T KNOW WHAT WO SAID
cv-valid-dev/sample-001073.mp3,can you get in this desk,1,0,,,,2.5,CAN YOU GET IN THIS DESK
cv-valid-dev/sample-001074.mp3,ellie won first prize in the spelling competition,1,0,,,,3.5,ELI WON FIRST BRICE IN THE SPENNING COMPETITION
cv-valid-dev/sample-001075.mp3,we don't know what's in the confounded thing do you,7,1,,,,3.5,WE DON'T KNOW WHAT IN THE CONFORDED THING DO YOU
cv-valid-dev/sample-001076.mp3,but the merchant understood what the boy had said,2,0,,,,3.9,BUT THE MERCHANT UNDERSTOOD WHAT THE BOY HAD SAID
cv-valid-dev/sample-001077.mp3,i heard a peculiar humming sound from the pit,4,0,thirties,male,canada,4.7,I HEARD A PECULIAR HUMMING SOUND FROM THE PIT
cv-valid-dev/sample-001078.mp3,they can't help themselves,2,0,twenties,male,,3.2,THEY CAN'T HELP THEMSELVES
cv-valid-dev/sample-001079.mp3,on the first day he returned with a rabbit and on the second with two birds,2,0,,,,6.1,ON THE FIRST DAY HE RETURNED WITH A RABBIT AND ON THE SECOND WITH TWO BIRDS
cv-valid-dev/sample-001080.mp3,the guy thought he was a lunatic at large and made an unsuccessful attempt to stop him,1,0,seventies,male,england,6.3,THE GUY THOUGHT HE WAS A LUNATIC AT LARGE AND MADE AN UNSUCCESSFUL ATTEMPT TO STOP HIM
cv-valid-dev/sample-001081.mp3,there was very little talking,2,0,,,,2.2,THERE WAS VERY LITTLE TALKING
cv-valid-dev/sample-001082.mp3,i'm an alchemist simply because i'm an alchemist he said as he prepared the meal,1,0,sixties,male,newzealand,8.1,I'M AN ALCHEMIST SIMPLY BECAUSE I'M AN ALCHEMIST HE SAID AS HE PREPARED THE MEAL
cv-valid-dev/sample-001083.mp3,but they don't count,2,0,,,,2.9,BUT THEY DON'T COUNT
cv-valid-dev/sample-001084.mp3,only chris couldn't wait quite as long as the others,1,0,fourties,male,us,3.4,ONLY CRIS COULDN'T WAIT QUITE AS LONG AS THE OTHERS
cv-valid-dev/sample-001085.mp3,now i want you to sign this agreement,1,0,thirties,male,us,2.5,NOW I WANT YOU TO SIGN THIS AGREEMENT
cv-valid-dev/sample-001086.mp3,i really did it quite brilliantly,1,0,,,,3.7,I REALLY DID IT QUITE BRILLIANTLY
cv-valid-dev/sample-001087.mp3,hold on a minute,2,0,,,,3.4,HOLD ON A MINNUT
cv-valid-dev/sample-001088.mp3,suddenly he disappeared and i could hear a faint shriek behind the walls,2,0,seventies,male,canada,7.6,SUDDENLY HE DISAPPEARED AND I COULD HEAR A FAINT SHRIEK BEHIND THE WALLS
cv-valid-dev/sample-001089.mp3,where do you live shouted the boy as the horseman rode away,3,0,,,,5.5,WHERE DO YOU LIVE SHOUTED THE BOY AS THE HORSEMAN RODE AWAY
cv-valid-dev/sample-001090.mp3,and he asked the boy if he too were in search of the alchemist,1,0,,,,4.3,HE ASKED THE BOY IF HE TOO WERE IN SEARCH OF THE ALCHEMIST
cv-valid-dev/sample-001091.mp3,he came to understand its dodges and tricks and to accept it as it was,1,0,teens,male,,4.7,HE CAME TO UNDERSTAND ITS DODGES AND TRICKS AND TO ACCEPT IT AS IT WAS
cv-valid-dev/sample-001092.mp3,you lived your life in a loving way and died with dignity,1,0,sixties,female,,9.2,YOU LIVED YOUR LIFE IN A LOVING WAY AND DIED WITH DEGINITY
cv-valid-dev/sample-001093.mp3,be careful with your prognostications said the stranger,2,0,thirties,male,us,3.7,BE CAREFUL WITH YOUR PROGNOSTICATIONS SAID THE STRANGER
cv-valid-dev/sample-001094.mp3,an led was indicating the proximity detector was working properly,1,0,twenties,male,,7.1,AN L E D WAS INDICATING THE PROXIMITY DETECTOR WAS WORKING PROPERLY
cv-valid-dev/sample-001095.mp3,that's what killed him,1,0,thirties,male,,2.2,THAT'S WHAT KILLED HIM
cv-valid-dev/sample-001096.mp3,as soon as he saw me among the crowd he called to me to come down,8,0,,,,8.4,AS SOON AS HE SAW ME AMONG THE CROWD HE CALLED TO ME TO COME DOWN
cv-valid-dev/sample-001097.mp3,there was a time when for me a camel's whinnying was nothing more than whinnying,1,0,,,,7.7,THERE WAS A TIME WHEN FOR MAY A CAMEL'S WHINNYING WAS NOTHING MORE THAN WHINNYING
cv-valid-dev/sample-001098.mp3,you have been stopping me,2,0,thirties,female,us,2.8,YOU HAVE BEEN STOPPING ME
cv-valid-dev/sample-001099.mp3,i'm going to them,1,0,,,,2.7,I 'M GOING TO THEM
cv-valid-dev/sample-001100.mp3,the alchemist was a bit daunting but as the boy drank the wine he relaxed,1,0,sixties,male,indian,4.8,THE ALCHEMIST WAS A BIT DAUNTING BUT AS THE BOY DRAGGED THE WINE ITA LAGH
cv-valid-dev/sample-001101.mp3,the stranger was speaking of things that very few people knew about,3,0,,,,4.8,THE STRANGER WAS SPEAKING OF THINGS THAT VERY FEW PEOPLE KNEW ABOUT
cv-valid-dev/sample-001102.mp3,hires two personal trainers and make one of them train the other one,3,1,,,,4.0,HIRES TWO PERSONAL TRAINERS AND MAKE ONE OF THEM TRAIN THE OTHER ONE
cv-valid-dev/sample-001103.mp3,what's the world's greatest lie the boy asked completely surprised,3,0,,,,4.9,WHAT'S THE WORLD'S GREATEST LIE THE BOY ASKED COMPLETELY SURPRISED
cv-valid-dev/sample-001104.mp3,they didn't have the printing press in those days the boy argued,2,1,,,,4.8,THEY DADN'T HAVE THE PRINTING PLACE IN THOSE DAYS THE BOY ARGUED
cv-valid-dev/sample-001105.mp3,but the merchant understood what the boy had said,3,0,,,,4.7,BUT THE MERCHANT UNDERSTOOD WHAT THE BOY HAD SAID
cv-valid-dev/sample-001106.mp3,throughout the entire day we will be on the lookout for our enemies,2,0,,,,3.6,THROUGHOUT THE ENTIRE DAY WE WILL BE ON THE LOOKOUT FOR OUR ENEMIES
cv-valid-dev/sample-001107.mp3,the other son was a poet and delighted all of rome with his beautiful verses,1,0,,,,6.9,THEADOSON WAS A BOAT AND DELIGHTED ALL OF ROME WITH HIS BEAUTIFUL VAZES
cv-valid-dev/sample-001108.mp3,i'm going to them,2,1,teens,male,,1.5,I'M GOING TO THEM
cv-valid-dev/sample-001109.mp3,you're the hope of the world,1,0,fifties,female,indian,2.5,YOU'RE THE WOK OF THE WORLD
cv-valid-dev/sample-001110.mp3,you should evaluate it in a perceptual experiment,2,0,,,,4.7,YOU SHOULD HAVE VALUATED IN A PERCEPTIAL EXPERIMENT
cv-valid-dev/sample-001111.mp3,they'd never let you go,1,0,thirties,male,us,2.3,THEY'D NEVER LET YOU GO
cv-valid-dev/sample-001112.mp3,even then he hardly understood what this meant,2,0,,,,4.1,EVEN THEN HE HARDLY UNDERSTOOD WHAT THIS MEANT
cv-valid-dev/sample-001113.mp3,they returned to the gates of the monastery,3,0,,,,2.9,THEY RETURNED TO THE GATES OF THE MONASTERY
cv-valid-dev/sample-001114.mp3,but the alchemist continued to look to the horizon,1,0,,,,2.7,BUT THAALTOMIST CONTINUED TO LOOK TO THE HORIZON
cv-valid-dev/sample-001115.mp3,thank you very much,2,0,,,,2.1,THANK YOU VERY MUCH
cv-valid-dev/sample-001116.mp3,scattered groups of people were hurrying from the direction of woking,5,0,teens,female,us,4.5,SCATTERED GROUPS OF PEOPLE WERE HURRYING FROM THE DIRECTION OF WOLKIN
cv-valid-dev/sample-001117.mp3,he had done this for years and knew the schedule of everyone who passed,2,0,sixties,male,us,5.1,HE HAD DONE THIS FOR YEARS AND KNEW THE SCHEDULE OF EVERY ONE WHO PASSED
cv-valid-dev/sample-001118.mp3,that's all mark ever talks about,1,0,,,,3.6,THAT'S ALL MARK EVER TALKS ABOUT
cv-valid-dev/sample-001119.mp3,it brought his heart into his mouth,3,0,,,,3.0,IT BROUGHT HIS HARD INTO HIS MOUTH
cv-valid-dev/sample-001120.mp3,the burning fire had been extinguished,3,0,seventies,male,us,2.8,THE BURNING FIRE HAD BEEN EXTINGUISHED
cv-valid-dev/sample-001121.mp3,he lives at the alfayoum oasis his friend had said,2,0,,,,5.9,HE LIVES AT THE AL FOUM OESIS HIS FRIEND HAD SAID
cv-valid-dev/sample-001122.mp3,he's in the insurance business,1,0,twenties,male,indian,2.6,HEATEN ENSHORRIN'S BUSINESS
cv-valid-dev/sample-001123.mp3,they provided warnings about thieves and barbarian tribes,3,0,,,,4.8,THEY BOR VAIED WARNINGS ABOUT PHIVIS AND BARBARIAN TRIBES
cv-valid-dev/sample-001124.mp3,they were known as seers and they were held in fear by women and the elderly,2,1,,,,9.1,THEY WERE KNOWN AS TIUS AND THEY WERE HELD IN FEAR BY WOMAN AND THE EL DELLI
cv-valid-dev/sample-001125.mp3,most of them were staring quietly at the big table,1,0,,,,3.5,MOST OF THEM WERE STARING QUIETLY AT THE BIG TABLE
cv-valid-dev/sample-001126.mp3,love is the falcon's flight over your sands,3,0,fourties,male,australia,4.5,LOVE IS THE FALCON'S FLIGHT OVER YOUR SANDS
cv-valid-dev/sample-001127.mp3,absolutely despicable that gingerbread men are forced to live in houses made of their own flesh,3,1,fourties,male,england,8.6,ABSOLUTELY DESPICABLE THAT GINGERBREAD MEN ARE FORCED TO LIVE IN HOUSES MADE OF THEIR OWN FLESH
cv-valid-dev/sample-001128.mp3,from then on he would make his own decisions,3,0,twenties,male,,3.7,FROM ZENON HE WOULD MAKE HIS OWN DECISION
cv-valid-dev/sample-001129.mp3,i hold the power of life and death for every person i take with me,3,0,,,,5.3,I HOLD THE POWER OF LIFE AND DEATH FOR EVERY PERSON I TAKE WITH ME
cv-valid-dev/sample-001130.mp3,i heard a peculiar humming sound from the pit,4,0,,,,4.0,I HEARD A PECULIAR HUMMING SOUND FROM THE PIT
cv-valid-dev/sample-001131.mp3,you knew the whole story,3,0,,,,2.3,YOU KNEW THE WHOLE STORY
cv-valid-dev/sample-001132.mp3,he was about the same age and height as the boy,2,0,,,,5.1,HE WAS ABOUT THE SAME AGE AND HATE S THE BOY
cv-valid-dev/sample-001133.mp3,'m all about those invisible cosmic connections that transcend time and distance,2,1,,,,6.2,MULLB AT THESE INVISIBLE COSMIC CONNECTIONS THAT TRANSCEND TAIM ANDE
cv-valid-dev/sample-001134.mp3,down below in the darkness were hundreds of people sleeping in peace,2,0,thirties,female,australia,5.8,DOWN BELOW IN THE DARKNESS WERE HUNDREDS OF PEOPLE SLEEPING IN PEACE
cv-valid-dev/sample-001135.mp3,then suddenly he noticed it with a start,1,0,thirties,female,us,3.9,THEN SUDDENLY HE NOTICED IT WITH A START
cv-valid-dev/sample-001136.mp3,that is an antelope my son,2,0,,,,2.0,THAT IS AN ANTELOPE MY SON
cv-valid-dev/sample-001137.mp3,i shall make us some ice cubes,1,0,sixties,female,us,4.0,I SHALL MAKE US SOME ICE CUBES
cv-valid-dev/sample-001138.mp3,then the thing came upon him in a flash,366,21,,,,4.4,THEN THE THING CAME UPON HIM IN A FLASH
cv-valid-dev/sample-001139.mp3,it helped me to trust in people the englishman answered,3,0,,,,19.5,IT HELPED ME TO TRUST IN PEOPLE THE ENGLISHMAN ANSWERED
cv-valid-dev/sample-001140.mp3,i have had the same dream twice he said,2,0,twenties,male,us,3.9,I HAVE HAD THE SAME DREAM TWICE HE SAID
cv-valid-dev/sample-001141.mp3,i just don't trust anyone who says they've never had hamburger helper,2,1,,,,5.1,I DON'T TRUST ANYONE WHO SAYS THEY'D NEVER HAD HAMBURGER ALPOR
cv-valid-dev/sample-001142.mp3,because you are trying to realize your destiny,1,0,thirties,male,us,3.5,BECAUSE YOU ARE TRYING TO REALIZE YOUR DESTINY
cv-valid-dev/sample-001143.mp3,many telescopes were pointed at it,5,0,,,,3.4,MANY TELESCOPES WERE POINTED AT IT
cv-valid-dev/sample-001144.mp3,he got up early with the idea of finding it,1,0,,,,6.8,HE GOT UP EARLY WITH THE IDEA OF FINDING IT
cv-valid-dev/sample-001145.mp3,did you want to see her about something important,2,0,,,,3.6,DID YOU WANT TO SEE HER ABOUT SOMETHING IMPORTANT
cv-valid-dev/sample-001146.mp3,says for us to go the limit,1,0,,,,3.3,SAYS FERACHE TO GO THE LINET
cv-valid-dev/sample-001147.mp3,he had found where his treasure was and was frightened at what might happen,1,0,,,,4.8,HE HAD FOUND WHAT HIS TREASURE WAS AND WAS FRIGHTENED AT WHAT MIGHT HAPPEN
cv-valid-dev/sample-001148.mp3,what are you doing there,1,0,,,,2.1,WHAT ARE YOU DOING DEAR
cv-valid-dev/sample-001149.mp3,i'm your guardian angel,1,0,,,,2.6,I'M YOUR GUARDIAN ANGEL
cv-valid-dev/sample-001150.mp3,but horses tire bit by bit,5,0,thirties,male,england,2.5,BUT HORSES TIRED BIT BY BIT
cv-valid-dev/sample-001151.mp3,the old man knew how to read and had already read the book,5,1,,,,3.9,THE OLD MAN KNEW HOW TO READ AND HAD ALREADY READ THE BOOK
cv-valid-dev/sample-001152.mp3,the suspension bridge was swinging in the gale,1,0,,,,5.5,THE SUSPENSION BRIDGE WAS SWINGING IN THE GALE
cv-valid-dev/sample-001153.mp3,there has been a robbery at the burger shop in downtown,1,0,,,,5.4,THERE HAS BEEN A ROBBERY AT THE BURGLER SHOP IN DOWNTOWN
cv-valid-dev/sample-001154.mp3,she keeps saying that she has no regrets about moving back home but im not sure if its entirely true,1,0,,,,6.4,SHE KEEPS SAYING THAT SHE HAS NO REGRETS ABOUT MOVING BACK HOME BUT I'M NOT SURE IF IT'S ENTIRELY TRUE
cv-valid-dev/sample-001155.mp3,he's after the money,1,0,seventies,male,us,13.7,HE'S AFTER THE MONEY
cv-valid-dev/sample-001156.mp3,don't ask me why i don't know why,2,0,,,,3.0,DON'T ASK ME WHY I DON'T KNOW WHY
cv-valid-dev/sample-001157.mp3,when he was a child that man wanted to travel too,3,0,,,,4.8,WHEN HE WAS A CHILD THAT MEN WANTED TO TRAVEL TO
cv-valid-dev/sample-001158.mp3,so how will we name all these hurricanes,9,1,twenties,male,,3.7,SO HOW WELL WE NAME OL THESE HURRICANES
cv-valid-dev/sample-001159.mp3,the top of the cylinder was rotating on its body,9,0,twenties,male,australia,3.1,THE TOP OF THE CYLINDER WAS RETAINING ON HIS BODY
cv-valid-dev/sample-001160.mp3,lots of shepherds passed through selling their wool,3,0,,,,4.0,LOTS OF SHEPHERDS PASSED THROUGH SELLING THEIR WOOL
cv-valid-dev/sample-001161.mp3,speak to the hand that wrote all said the sun,5,0,,,,3.9,SPEAK TO THE HAND THAT RODE ALL SAID THE SON
cv-valid-dev/sample-001162.mp3,the first rule of don't fight club is let's talk about it,1,0,,,,11.1,THE FIRST RULE OF DON'T FIGHT CLUB IS LET'S TALK ABOUT IT
cv-valid-dev/sample-001163.mp3,i was sitting with my best friend when he asked me hey hannah can you do me a favor,1,0,,,,5.0,I WAS SITTING WITH MY BEST FRIEND WHEN HE ASKED ME HAY HANNAH CAN YOU DO ME A FAVOUR
cv-valid-dev/sample-001164.mp3,he thought of the woman who had trusted in the desert,1,0,,,,4.1,HE THOUGHT OF THE WOMAN WHO HAD TRUSTED IN THE DESERT
cv-valid-dev/sample-001165.mp3,you won't have any trouble reading it,1,0,,,,3.5,YOU WON'T HAVE ANY TROUBLE READING IT
cv-valid-dev/sample-001166.mp3,wilmas gone cat sitting again for the weekend if you want to come over,1,0,twenties,female,us,4.1,WELL MON'S GONE KET SITTING AGAIN FOR THE WEEK AND IF YOU WANT TO COME OVER
cv-valid-dev/sample-001167.mp3,that night there was another jetting out of gas from the distant planet,1,0,fifties,male,australia,3.3,THAT NIGHT THERE WAS NOT THE JETTING OF GAS FROM THE DISTANT PLANET
cv-valid-dev/sample-001168.mp3,another person was there to help him toward his destiny,1,0,,,,4.9,ANOTHER PERSON WAS THERE TO HELP HIM TOWARD HIS DESTINY
cv-valid-dev/sample-001169.mp3,the old man returned the book to the boy,2,1,,,,4.6,THE OLD MAN RETURNED THE BOOK TO THE BOY
cv-valid-dev/sample-001170.mp3,the man wept with happiness,2,0,,,,3.9,THE MAN WIT WITH HAPPINESS
cv-valid-dev/sample-001171.mp3,i had never heard of alchemists before the boy said,2,1,,,,4.9,I HAD NEVER HEARD OF BEFORE THE BOY SAID
cv-valid-dev/sample-001172.mp3,he waited patiently for the merchant to awaken and open the shop,1,0,,,,4.2,HE WAITED PATIENTLY FOR THE MERCHANT TO AWAKEN AND OPEN THE SHOP
cv-valid-dev/sample-001173.mp3,they don't see that the fields are new and the seasons change,1,0,,,,7.7,THEY DON'T SEE THAT THE FIELDS ARE NEW AND THE SEASONS CHANGE
cv-valid-dev/sample-001174.mp3,and you've told me nothing along the way said the boy,2,0,,,,3.3,AND YOU'VE TOLD ME NOTHING ALONG THE WAY SAID THE BOY
cv-valid-dev/sample-001175.mp3,you've got lipstick all over your mouth,2,1,twenties,female,,2.7,YOU'VE GOT LEAPSIC ALL OVER YOUR MOUTH
cv-valid-dev/sample-001176.mp3,machine gun fire awoke the fugitives and sent them into a frenzy,1,0,,,,5.8,MACHINE GUN FIRE AWOKE THE FUGITIVES AND SENT THEM INTO A FRENZY
cv-valid-dev/sample-001177.mp3,i found these one day in the fields,4,0,,,,2.9,ATHONDES ONE DAY IN OF FIELDS
cv-valid-dev/sample-001178.mp3,i can't please everybody,1,0,seventies,male,us,3.6,I CAN'T PLEASE EVERYBODY
cv-valid-dev/sample-001179.mp3,as soon as he saw me among the crowd he called to me to come down,4,1,,,,6.4,AS SOON AS HE SAW ME AMONG THE CROWD HE CALLED TO ME TO COME DOWN
cv-valid-dev/sample-001180.mp3,some of those who saw its flight say it travelled with a hissing sound,3,1,,,,4.6,SOME OF THOSE WHO SAW ITS FLIGHTS THADED TROUBLE WITH A HAZING SOUND
cv-valid-dev/sample-001181.mp3,even from a distance their eyes conveyed the strength of their souls,1,0,,,,7.0,EVEN FROM A DISTANCE THEIR EYES CONVEYED THE STRENGTH OF THEIR SOULS
cv-valid-dev/sample-001182.mp3,i need you to be spontaneous he asked me out to din din,2,1,twenties,male,us,6.2,I NEED YOU TO PEA SPONTENEOUS HE HAS CATTED ME OUT YOUR DINGDING
cv-valid-dev/sample-001183.mp3,we beat the whole country on that story,3,0,,,,3.8,WE BEAT THE WHOLE COUNTRY ON THAT STORY
cv-valid-dev/sample-001184.mp3,it's a code said the boy a bit disappointed,3,0,,,,4.0,IT'S A CODE SAID THE BOY A BIT DISAPPOINTED
cv-valid-dev/sample-001185.mp3,vibrations of peace throughout the tent,2,0,twenties,male,us,2.6,VIBRATIONS OF PEACE THROUGHOUT THE TENT
cv-valid-dev/sample-001186.mp3,the time must have been somewhere around six o'clock,4,0,teens,male,australia,4.2,THE TIME MUST HAVE BEEN SOMEWHERE ROUND SIX O'CLOCK
cv-valid-dev/sample-001187.mp3,if he makes a buying mistake it doesn't affect him much,4,0,,,,4.8,IF HE MAKES A BUYING MISTAKE IT DOESN'T AFFECT HIM MUCH
cv-valid-dev/sample-001188.mp3,used to hunt rabbits there myself,1,0,sixties,male,us,5.0,USED TO HUNT RABBITS THERE MYSELF
cv-valid-dev/sample-001189.mp3,the genies were the spirits of good and evil,3,0,twenties,male,,3.5,THE GENIUS WERE THE SPIRIT OF GOOD IN EVIL
cv-valid-dev/sample-001190.mp3,no the alchemist answered,1,0,,,,2.5,NO THE OCHEMIS ANSWERED
cv-valid-dev/sample-001191.mp3,he put his headcloth in place and secured it with a ring made of camel skin,2,0,twenties,male,indian,5.3,HE PUT HIS HAT CLOTHED IN PLACE AND SECURED IT WITH A RING MADE OF CAMEL SKIN
cv-valid-dev/sample-001192.mp3,it drew a droplet of blood,3,0,seventies,male,australia,3.8,IT DREW A DROPLET OF BLOOD
cv-valid-dev/sample-001193.mp3,you can't do that,2,0,,,,2.1,YOU CAN'T DO THAT
cv-valid-dev/sample-001194.mp3,the camel driver understood what the boy was saying,1,0,,,,9.0,THE CAMEL DRIVER UNDERSTOOD WHAT THE BOY WAS SAYING
cv-valid-dev/sample-001195.mp3,we can't let the chronicle get the laugh on us,2,1,,,,3.6,WE CAN'T LET THE CHRONICLE GET THE LAUGH FROM US
cv-valid-dev/sample-001196.mp3,it looked like a rusty gas float,7,3,,,,4.2,IT LOOKED LIKE A RUSTY GASH FLOAT
cv-valid-dev/sample-001197.mp3,when he reached the top of the dune his heart leapt,1,0,,,,4.5,WHEN HE REACHED THE TOP OF THE DUNE HIS HEART LEAPED
cv-valid-dev/sample-001198.mp3,his way isn't the same as mine nor mine as his,1,0,,,,4.0,HIS WAY ISN'T THE SAME AS MINE NOR MINE AS HIS
cv-valid-dev/sample-001199.mp3,so how will we name all these hurricanes,2,0,,,,3.3,SO HOW WILL WE NAME ALL THESE HURRICANES
cv-valid-dev/sample-001200.mp3,the little girl wanted to have a balloon but was too shy to ask,1,0,thirties,male,australia,5.0,THE LITTLE GIRL WANTED TO HAVE A BALLOON BUT WAS TOO SHY TO ASK
cv-valid-dev/sample-001201.mp3,are you all right,1,0,,,,2.0,ARE YOU ALL RIGHT
cv-valid-dev/sample-001202.mp3,he should have decided to become a shepherd the boy said,3,0,,,,4.3,HE SHOULD HAVE DECIDED TO BECOME A SHEPHERD THE BOY SAID
cv-valid-dev/sample-001203.mp3,you're here rather early,1,0,thirties,male,england,2.6,YOUR HAIR RATHER URNY
cv-valid-dev/sample-001204.mp3,the streamer of gas came out towards us,3,0,thirties,male,us,5.2,THE STREAMER OF GAS CAME OUT TOWARDS US
cv-valid-dev/sample-001205.mp3,my wife pointed out to me the brightness of the red green and yellow signal lights,4,0,,,,8.1,MY WIFE POINTED OUT TO ME THE BRIGHTNESS OF THE RED GREEN AND YELLOW SIGNAL LIGHTS
cv-valid-dev/sample-001206.mp3,oxygen is important for us but some bacteria don't need it at all,1,0,fifties,male,england,5.6,OXYGEN IS IMPORTANT FOR US BUT SOME BACTERIOR DON'T NEED IT AT ALL
cv-valid-dev/sample-001207.mp3,being murdered in cold blood isn't nonsense,2,0,,,,3.8,BEING MURDERED IN COLD BLOOD ISN'T NONSENSE
cv-valid-dev/sample-001208.mp3,i'm just your little rent collector,1,0,,,,4.0,I'M JUST YOUR LITTLE RENT COLLECTOR
cv-valid-dev/sample-001209.mp3,he quickly pulled his hands away,1,0,,,,4.0,HE QUICKLY PULLED HIS HANDS AWAY
cv-valid-dev/sample-001210.mp3,we could get to the pyramids by tomorrow said the other taking the money,2,0,,,,4.3,WE COULD GET TO THE PYRAMIDS BY TO MORROW SAID THE OTHER TAKING THE MONEY
cv-valid-dev/sample-001211.mp3,the next day the boy returned to the well hoping to see the girl,1,0,,,,5.7,THE NEXT DAY THE BOY RETURNED TO THE WILL HOPING TO SEE THE GIRL
cv-valid-dev/sample-001212.mp3,the boy approached her to ask about the alchemist,1,0,,,,3.9,THE BOY APPROISED HER TO ASK ABOUT THE ALCHYMIS
cv-valid-dev/sample-001213.mp3,so usually a keypress instead of a click is used,1,0,teens,male,us,5.2,SO USUALLY A KEY PRESS INSTEAD OF A CLICK IS USED
cv-valid-dev/sample-001214.mp3,it's in all the afternoon papers,3,0,fourties,male,us,2.5,IT'S IN ALL THE AFTERNOON PAPERS
cv-valid-dev/sample-001215.mp3,if you can concentrate always on the present you'll be a happy man,1,0,thirties,male,us,4.0,IF YOU CAN CONCENTRATE ALWAYS ON THE PRESENT YOU'LL BE A HAPPY MAN
cv-valid-dev/sample-001216.mp3,it's called the principle of favorability,1,0,,,,3.0,IT SCALLED A PRINCIPAL FAVOURABILITY
cv-valid-dev/sample-001217.mp3,you've got the mayor and pullman backed against a wall,1,0,,,,3.5,YOU GOT THE MAYOR AND PULLMAN BACKED AGAINST THE WALL
cv-valid-dev/sample-001218.mp3,but as he saw them lying there on the ground another phrase came to his mind,2,0,fifties,male,us,4.6,BUT AS HE SAW THEM LYING THERE ON THE GROUND ANOTHER PHRASE CAME TO HIS MIND
cv-valid-dev/sample-001219.mp3,what a terrible thing to say,1,0,thirties,male,us,2.3,WHAT A TERRIBLE THING TO SAY
cv-valid-dev/sample-001220.mp3,and what do you do in salem he insisted,1,0,,,,3.9,AN WHAT DO YOU DO IN SALE EM HE INSISTED
cv-valid-dev/sample-001221.mp3,but now the sounds inside had stopped,3,0,twenties,female,us,3.4,BUT NOW THE SOUNDS INSIDE HAD SLAPPED
cv-valid-dev/sample-001222.mp3,he moved about invisible but everyone could hear him,3,0,twenties,male,us,4.9,HE MOVED ABOUT INVISIBLE BUT EVERYONE COULD HEAR HIM
cv-valid-dev/sample-001223.mp3,i'm sending it over with beth,3,0,,,,2.9,I'M SENDING IT OVER WITH BETH
cv-valid-dev/sample-001224.mp3,yet it was a little too large for assurance,3,0,,,,4.3,YET IT WAS A LITTLE TOO LARGE FOR ASSURANCE
cv-valid-dev/sample-001225.mp3,that's the way it always is said the old man,2,0,thirties,male,england,3.9,THAT'S THE WAY IT ALWAYS IS SAID THE OLD MAN
cv-valid-dev/sample-001226.mp3,there's the professor now,2,0,,,,2.9,THERE'S THE PROFESSOR NOW
cv-valid-dev/sample-001227.mp3,i think it's about bird hunting but now i can see how that might be misinterpreted,1,0,teens,male,us,7.8,I THINK IT'S ALL BAD BID HUNTING NOW I SEE HOW THAT MIGHT BE MISINTERPRETED E
cv-valid-dev/sample-001228.mp3,have you seen him,1,0,thirties,female,,2.0,HAVE YOU SEEN HIM
cv-valid-dev/sample-001229.mp3,it was the first time she had done that,4,0,,,,3.3,IT WAS THE FIRST TIME SHE HAD DONE THAT
cv-valid-dev/sample-001230.mp3,it was my fear of failure that first kept me from attempting the master work,1,0,,,,5.8,IT WAS MY FEAR OF FAILURE THAT FIRST KEPT ME FROM ATTEMPTING THE MASTER WORK
cv-valid-dev/sample-001231.mp3,we're refugees from the tribal wars and we need money the other figure said,2,0,fifties,male,us,5.4,WE'RE REFAGIES FROM THE TRIBAL WARS AND WE NEED MONEY THE OTHER FIGURE SAID
cv-valid-dev/sample-001232.mp3,a line of flame high can be seen in the atmosphere,1,0,,,,5.8,A LINE OF FLAME HIGH CAN BE SEEN IN THE ATMOSPHERE
cv-valid-dev/sample-001233.mp3,the loafers and golf caddies were used to hanging out near the railway station,3,1,,,,6.0,THE LOAFERS AND GULF KERRIES WERE USED TO HANGING OUT NEAR THE RAILWAY STATION
cv-valid-dev/sample-001234.mp3,i wish i could remember the name of the cold milky sak served in a box,1,0,,,,5.7,I WISH I COULD REMEMBER THE NAME OF THE COLD MILKY SOCKEE SERVED IN A BOX
cv-valid-dev/sample-001235.mp3,i've been looking for you all morning he said as he led the boy outside,1,0,,,,6.8,I'VE BEEN LOOKING FOR YOU ALL MORNING HE SAID AS HE LED THE BOY OUTSIDE
cv-valid-dev/sample-001236.mp3,why are you carrying money asked the tribesman when he had searched the boy's bag,1,0,,,,6.3,WHY ARE YOU CARRYING MONEY ASKED THE TRIBESMAN WHEN HE HAD SEARCHED A BOY'S BED
cv-valid-dev/sample-001237.mp3,you all know me,1,0,,,,3.5,YOU ALL KNOW ME
cv-valid-dev/sample-001238.mp3,using script blockers is generally a good idea but it requires the user to learn a bit,2,0,twenties,male,african,6.0,USING SCRIP LOCKERS IS GENERALLY A GOOD IDEA BUT IT TRIES THE USER TO LEARN A BIT
cv-valid-dev/sample-001239.mp3,it is the most valuable stamp in the world,1,0,,,,3.3,IT IS THE MOST VALUABLE STAMP IN THE WORLD
cv-valid-dev/sample-001240.mp3,always heed the omens the old king had said,1,0,,,,5.3,ALWAYS HEAT THE OMENS THE OLD KING HAD SAID
cv-valid-dev/sample-001241.mp3,i had seen all that it would presently bring me,3,0,,,,3.7,I HAD SEEN ALL THAT IT WOULD PRESENTLY BRING ME
cv-valid-dev/sample-001242.mp3,and for wise men gold is the metal that evolved the furthest,2,0,,,,5.2,AND FOR WISE MEN GAUD DOES THE MATTLE THAT EVOLVED THE FURTHEST
cv-valid-dev/sample-001243.mp3,the stranger was speaking of things that very few people knew about,1,0,,,,9.6,THE STRANGER WAS SPEAKING OF THINGS THAT VERY FEW PEOPLE KNEW ABOUT
cv-valid-dev/sample-001244.mp3,from the railway station in the distance came the sound of trains ringing and rumbling,3,0,,,,9.8,FROM THE RAILWAY STATION IN THE DISTANCE CAME THE SOUND OF TRAINS RINGING AND RUMBLING
cv-valid-dev/sample-001245.mp3,the woman said she had never heard of such a person and hurried away,1,0,,,,4.8,THE WOMAN SAID SHE HAD NEVER HEARD OF SUCH A PERSON AND HURRIED AWAY
cv-valid-dev/sample-001246.mp3,after all who doesnt want to overcome new challenges and achieve great heights,2,0,fourties,male,england,5.7,AFTER ALL WHO DOESN'T WANT TO OVERCOME NEW CHALLENGES AND THE CHIEF GREAT HEIGHTS
cv-valid-dev/sample-001247.mp3,given only the public key it is very hard to compute the private one,1,0,twenties,male,,5.5,GIVE MY ONLY VOR PUBLIC KEY IT IS VERY HARD TO COMPUTE A PRIVATE ONE
cv-valid-dev/sample-001248.mp3,the shop folks were taking down their shutters and people were opening their bedroom windows,1,0,,,,7.1,THE SHOP FOLK WERE STUCKING DOWN THEIR SHUTTERS AND PEOPLE WERE OPENING THEIR BELL ROOM WINDOW
cv-valid-dev/sample-001249.mp3,they looked for the fallen mass but found nothing,10,1,twenties,male,us,4.5,THEY LOOKED FOR THE FALLEN MASS BUT FOUND NOTHING
cv-valid-dev/sample-001250.mp3,the trouble with using this for all onscreen movement is that recognition accuracy isn't always perfect,1,0,,,,6.7,THE TROUBLE WITH USING THIS FOR ALL ONSCREEN MOMENT IS THAT RECOGNITION ACCURACY ISN'T ALWAYS PERFECT
cv-valid-dev/sample-001251.mp3,potatoes are less spacesaving durable and cheap than pasta,1,0,fifties,female,indian,7.2,PODATOES ARE LESS PAYS SAVING TEHORABLE AND CHIP THAN PASTA
cv-valid-dev/sample-001252.mp3,sometimes their caravan met with another,1,0,,,,4.1,SOMETIMES THEIR CARAVAN MET WITH ANOTHER
cv-valid-dev/sample-001253.mp3,i had the everyone has gary busey's teeth dream again,8,1,,,,5.1,I HAD THE EVERY ONE HAS GARYBOOSY'S TEETH DREAM AGAIN
cv-valid-dev/sample-001254.mp3,most meteorites are more or less rounded,4,0,twenties,male,,2.5,MOST MATERIALTS ARE MORE OR LESS ROUND
cv-valid-dev/sample-001255.mp3,you got your watermelon,1,0,,,,5.1,YOU GOT YOUR WATER MELON
cv-valid-dev/sample-001256.mp3,the boy smiled to himself,3,0,,,,2.8,THE BOY SMILED TO HIMSELF
cv-valid-dev/sample-001257.mp3,and the falcon then nourishes man,3,0,,,,3.2,AND THE FALCAN THAN NURASIOUS MAN
cv-valid-dev/sample-001258.mp3,the apples are in the basket near the door on your way out,1,0,twenties,male,indian,4.5,THE APPLES ARE IN THE BASKET NEAR THE DOOR ON YOUR WAY OUT
cv-valid-dev/sample-001259.mp3,she's kind and sweet and considerate,1,0,,,,3.9,SHE'S KIND AND SWEET AND CONSIDERATE
cv-valid-dev/sample-001260.mp3,you want the moon,1,0,,,,3.0,YOU WANT THE MUN
cv-valid-dev/sample-001261.mp3,he was just and good,3,0,,,,3.1,HE WAS JUST AND GOOD
cv-valid-dev/sample-001262.mp3,you have a mania for simplifying everything answered the englishman irritated,2,0,,,,5.3,YOU HAVE A MANIA FOR SIMPLIFYING EVERYTHING ANSWERED THE ENGLISHMAN IRRITATED
cv-valid-dev/sample-001263.mp3,the boy's name was santiago,1,0,sixties,female,england,3.4,THE BOY'S NAME WAS SANTIAGO
cv-valid-dev/sample-001264.mp3,the monk laughed when he saw me come back in tatters,2,0,,,,4.1,THE MONK LAUGHED WHEN HE SAW ME COME BACK IN TADDERS
cv-valid-dev/sample-001265.mp3,palm trees grows twice as big there,1,0,,,,3.4,PALM TREES GROWS TWICE AS BIG VEAR
cv-valid-dev/sample-001266.mp3,you'll take fifty and like it,1,0,,,,2.7,YOU WILL TAKE FIFTY AND LIKE IT
cv-valid-dev/sample-001267.mp3,so we their hearts speak more and more softly,1,0,,,,3.9,SO WE THEIR HEARTS SPEAK MORE AND MORE SOFTLY
cv-valid-dev/sample-001268.mp3,the atmosphere was suffused with the sweet scent of smoke,1,0,,,,5.7,THE ATMOSPHERE WAS SUFFASED WITH THE SWEET SCENT OF SMOKE
cv-valid-dev/sample-001269.mp3,he made us stand and watch him paint for like an hour,1,0,,,,4.0,HE MADE US STAND AND WATCH EM PAINT FOR LIKE AN HOUR
cv-valid-dev/sample-001270.mp3,now i'm beginning what i could have started ten years ago,7,0,,,,3.8,NOW I'M BEGINNING WHAT I COULD HAVE STARTED TEN YEARS AGO
cv-valid-dev/sample-001271.mp3,and then he perceived it very slowly,6,0,,,,4.0,AND THEN HE PERCEIVED IT VERY SLOWLY
cv-valid-dev/sample-001272.mp3,every search begins with beginner's luck,3,0,fourties,male,england,4.0,EVERY SEARCH BEGINS WITH BEGINNER'S LUCK
cv-valid-dev/sample-001273.mp3,how about that one there,2,0,thirties,female,us,2.4,HOW ABOUT THAT ONE THERE
cv-valid-dev/sample-001274.mp3,the hand with the whip pointed to the south,2,1,sixties,male,newzealand,4.8,THE HAND WITH THE WHIP POINTED TO THE SOUTH
cv-valid-dev/sample-001275.mp3,did you ever walk into this office,1,0,fourties,male,us,6.6,DID YOU EVER WALK INTO THIS OFFICE
cv-valid-dev/sample-001276.mp3,i remember how i sat on the table there in the blackness with patches of green and crimson swimming before my eyes,3,0,,,,7.4,I REMEMBER ALL I SAT ON THE TABLE DURING THE BLACKNESS WITH PATCHES OF GREEN AND CRIMSON SWIMMING BEFORE MY EYES
cv-valid-dev/sample-001277.mp3,he believed in omens,8,0,,,,2.6,HE BELIEVED IN OMENS
cv-valid-dev/sample-001278.mp3,the camel driver understood what the boy was saying,1,0,,,,4.2,THE CHEMEL DRIVER UNDERSTOOD WHAT THE BOY WAS SAYING
cv-valid-dev/sample-001279.mp3,my friend bought all the other sheep immediately,2,0,twenties,male,us,3.1,MY FRIEND BOUGHT ALL THE OTHER SHEEP IMMEDIATELY
cv-valid-dev/sample-001280.mp3,the boy was suddenly happy to be there at the warehouse,1,0,fourties,male,us,3.9,THE BOY WAS SUDDENLY HAPPY TO BE THERE AT THE WAREHOUSE
cv-valid-dev/sample-001281.mp3,lucy's a newspaper woman,1,0,,,,2.9,HEUSET AND NEWSPAPER OVREMAN
cv-valid-dev/sample-001282.mp3,you know i'd tell you if i had it,2,0,fourties,female,canada,2.5,YOU KNOW I'D TELL YOU IF I HAD IT
cv-valid-dev/sample-001283.mp3,another dreamer said the ticket seller to his assistant watching the boy walk away,4,1,,,,6.4,ANOTHER DREAMER SAID THE TICKET SALATER'S ASSISTANT WATCHING THE BOY WALK AWAY
cv-valid-dev/sample-001284.mp3,they reached the center of a large plaza where the market was held,3,0,,,,4.8,THEY REACHED THE CENTRE OF THE LARGE PLAZA WHERE THE MARKET WAS HOWLED
cv-valid-dev/sample-001285.mp3,and because the tribes declared war i went to the well seeking the alchemist,2,1,,,,6.6,AND BECAUSE THAT SHIBSTEKERED WAR I WANED TO GO AWAY  SEEKING THOU KANST
cv-valid-dev/sample-001286.mp3,i don't care what happens to me,2,0,,,,3.3,I DON'T CARE WHAT HAPPENS TO ME
cv-valid-dev/sample-001287.mp3,every search begins with beginner's luck,3,0,,,,2.9,EVERY SEARCH BEGINS WITH BEGIN ITS LUCK
cv-valid-dev/sample-001288.mp3,we returned to the cemetery,3,0,,,,2.4,WE RETURNED TO THE CEMETERY
cv-valid-dev/sample-001289.mp3,the desert with its endless monotony put him to dreaming,1,0,,,,6.1,THE DESERT WITH ITS ENDLESS MONOTONY PUT HIM TO DREAMING
cv-valid-dev/sample-001290.mp3,lemons and thyme should go well,3,0,,,,3.2,LEMENTON THIME SHOULD GO WELL
cv-valid-dev/sample-001291.mp3,they can't help themselves,1,0,,,,2.5,THEY CAN HELP THEMSELVES
cv-valid-dev/sample-001292.mp3,i had the everyone has gary busey's teeth dream again,2,1,,,,6.4,I HAD THE EVERYONE HAS GARRY BEUSEY'S TEETH DREAM AGAIN
cv-valid-dev/sample-001293.mp3,everyone is just standing by the building waiting to get in,1,0,thirties,male,us,3.7,EVERYONE IS JUST STANDING BY THE BUILDING WAITING TO GET IN
cv-valid-dev/sample-001294.mp3,the omens had been true after all,4,0,,,,2.5,THE OMENS HAVE BEEN TRUE AFTER ALL
cv-valid-dev/sample-001295.mp3,but instead of being saddened he was happy,1,0,,,,3.7,BUT INSTEAD OF BEING SADDENED HE WAS HAPPY
cv-valid-dev/sample-001296.mp3,strange images passed through my mind,1,0,sixties,male,us,3.5,STRANGE IMAGES PASS THROUGH MY MIND
cv-valid-dev/sample-001297.mp3,it must have fallen while i was sitting over there,2,1,,,,2.8,IT MUST HAVE FALLEN WHILE I WAS SITTING OVER THERE
cv-valid-dev/sample-001298.mp3,you're going to run into the governor,2,1,teens,female,,3.8,YOU ARE GOING TO RUN INTO THE GOVERNOR
cv-valid-dev/sample-001299.mp3,i hold the power of life and death for every person i take with me,3,0,fifties,male,,5.8,I HOLD THE POWER OF LIFE AND DEATH FOR EVERY PERSON I TAKE WITH ME
cv-valid-dev/sample-001300.mp3,my father offered her a job,1,0,,,,3.3,MY FATHER OFFERED HER A JOB
cv-valid-dev/sample-001301.mp3,he's trying to trick you again,1,0,twenties,male,us,1.9,HE'S TRYING TO TRICK YOU AGAIN
cv-valid-dev/sample-001302.mp3,it's a code said the boy a bit disappointed,1,0,teens,male,us,3.5,IT'S A COLD SAID THE BOY A BIT IS POINTED
cv-valid-dev/sample-001303.mp3,tell your heart that the fear of suffering is worse than the suffering itself,1,0,thirties,male,england,6.7,TELL YOUR HEART THAT THE FEAR OF SUFFERING IS WORSE THAN THE SUFFERING ITSELF
cv-valid-dev/sample-001304.mp3,i have never seen a rothschild before,2,0,twenties,female,philippines,3.2,I HAVE NEVER SEEN A RALPH'S CHILD BEFORE
cv-valid-dev/sample-001305.mp3,watch over her tonight,1,0,twenties,female,,2.1,WHAT OLLAR HELD TO NIGHT
cv-valid-dev/sample-001306.mp3,they were men of the desert and they were fearful of sorcerers,3,0,twenties,female,england,3.5,THEY WERE MEN OF THE DESERT AND THEY WERE FEARFUL OF SORCERERS
cv-valid-dev/sample-001307.mp3,i'd better see what he's up to,3,0,thirties,female,england,2.7,HI'D BETTER SEE WHAT HE'S UP TO
cv-valid-dev/sample-001308.mp3,your dentist called yesterday,1,0,,,,2.7,YOUR DENIS CALLED YESTERDAY
cv-valid-dev/sample-001309.mp3,that was his work,1,0,,,,4.4,DACK WAS HIS WORK
cv-valid-dev/sample-001310.mp3,the conversation was interrupted by the warehouse boss,1,0,,,,4.1,THE CONVERSATION WAS INTERRUPTED BY THE WAREHOUSE BOSS
cv-valid-dev/sample-001311.mp3,sandra read aloud the strange excerpt,1,0,,,,3.6,PANDRA READ ALOUD THIS STRANGE EXCERT
cv-valid-dev/sample-001312.mp3,stanley felt exhilarated,3,0,thirties,male,,3.9,STANLEY FELT EXHILARATED
cv-valid-dev/sample-001313.mp3,i just don't trust anyone who says they've never had hamburger helper,5,0,,,,5.2,I JUST DON'T TRUST ANY ONE WHO SAYS THEY'VE NEVER HAD HAMBURG OR HELPER
cv-valid-dev/sample-001314.mp3,i won't ever tell a soul,2,0,,,,2.4,I WON'T EVER TELL A SOUL
cv-valid-dev/sample-001315.mp3,tell them it's a case of serious delirium,1,0,twenties,male,,2.8,TELL THEM IT'S A SERIOUS CASE OF DELIRIUM
cv-valid-dev/sample-001316.mp3,it was starlight and i explained the signs of the zodiac to her,5,0,thirties,male,canada,5.6,IT WAS STARLIGHT AND I EXPLAINED THE SIGNS OF THE ZODIAC TO HER
cv-valid-dev/sample-001317.mp3,i don't want anything for myself,2,0,twenties,male,england,4.3,I DON'T WANT ANYTHING FOR MYSELF
cv-valid-dev/sample-001318.mp3,i just want to dream about mecca,2,0,,,,3.5,I JEST WANT TO DREAM ABIT MICCA
cv-valid-dev/sample-001319.mp3,never give up,1,0,thirties,male,england,2.2,NEVER GIVE UP
cv-valid-dev/sample-001320.mp3,a practice of infidels he said to himself,2,0,,,,5.5,THE PRACTICE OF INFIDELS HE SAID TO HIMSELF
cv-valid-dev/sample-001321.mp3,yet each felt his heart beat a bit faster,2,0,,,,4.7,YET EACH FELL TO HIS HEART BEAT A BIT FASTER
cv-valid-dev/sample-001322.mp3,the two men exchanged some words in arabic and the bar owner seemed irritated,2,0,,,,5.7,THE TWO MEN EXCHANGED SOME WORDS IN ARABIC AND THE BAR OWNER SEEMED IRRITATED
cv-valid-dev/sample-001323.mp3,hey what do you say,3,0,,,,2.2,HE WHAT DOES EH
cv-valid-dev/sample-001324.mp3,stop treating me like a child,3,0,,,,2.7,STOP TREATING ME LIKE A CHILD
cv-valid-dev/sample-001325.mp3,but i found it difficult to get to work because of the investigations,2,1,sixties,female,us,7.1,RBUT I FOUND IT DIFFICULT TO GET TO WORK BECAUSE OF THE INVESTIGATIONS
cv-valid-dev/sample-001326.mp3,they don't see that the fields are new and the seasons change,1,0,,,,6.2,THEY DON'T SEE THE FIELDS ARE NEW AND THE SEASONS CHANGE
cv-valid-dev/sample-001327.mp3,despair is something that haunts us at night,1,0,,,,3.6,DESPAIR IS SOMETHING THAT HAUNTS US AT NIGHT
cv-valid-dev/sample-001328.mp3,but that's what you're doing,1,0,twenties,male,us,1.3,BUT THAT'S WHAT YOU'RE DOING
cv-valid-dev/sample-001329.mp3,the thought was so dreadful to him that he forgot about the heat and went forward,6,0,,,,7.6,THE THOUGHT WAS SO DREADFUL TO HIM THAT HE FORGOT A BRET DATE AND WENT FORWARD
cv-valid-dev/sample-001330.mp3,team  will meet up at point b with team ,1,0,,,,3.5,TEAM FLOUR WILL MEET U AT POINT B WITH TEAM FAG
cv-valid-dev/sample-001331.mp3,you'll be the counselor of the oasis,4,0,thirties,female,us,3.8,YOU'LL BE THE COUNSELLOR OF THE OASIS
cv-valid-dev/sample-001332.mp3,turn up the volume,3,1,,,,3.2,TURN UP THE VILLLOOM
cv-valid-dev/sample-001333.mp3,hitting the delete and escape keys did nothing,1,0,thirties,male,us,5.7,HITTING THE DERIT AND ESCAPEKEYS I THINK
cv-valid-dev/sample-001334.mp3,she comes by it naturally,1,0,,,,5.1,SHE COMES BY IT NATURALLY
cv-valid-dev/sample-001335.mp3,didn't i tell you never to come panhandling around here,1,0,twenties,male,us,3.6,DIDN'T I TELL YOU NEVER TO COME PAN HANDLING AROUND HERE
cv-valid-dev/sample-001336.mp3,how is mozilla going to handle ambiguities like queue and cue,2,0,thirties,female,us,4.8,HOW IS BAZILA GOING TO HANDLE AMBIGUITIES LIKE CUE AND CUE
cv-valid-dev/sample-001337.mp3,the closer he got to the realization of his dream the more difficult things became,6,0,,,,4.8,THE CLOSER HE GOT TO THE REALIZATION OF HIS DREAM THE MORE DIFFICULT THINGS BECAME
cv-valid-dev/sample-001338.mp3,i'll return just as your father came back to your mother he said,1,0,,,,6.7,I'LL RETURN JUST AS YOUR FATHER CAME BACK TO YOUR MOTHER HE SAID
cv-valid-dev/sample-001339.mp3,they formed heaps that are visible a mile and a half away,5,0,,,,3.3,THEY FORMED HEAT THAT ARE VISIBLE A MILE AND A HALF AWAY
cv-valid-dev/sample-001340.mp3,who is it from,2,0,twenties,male,us,2.0,WHO IS IT FROM
cv-valid-dev/sample-001341.mp3,like eating or sleeping or like seeking love or finding a job,1,0,,,,4.0,LIKE EATING OR SLEEPING OR LIKE SEEKING LAW OR FINDING A JOG
cv-valid-dev/sample-001342.mp3,much better said the old man,3,0,,,us,2.8,MUCH BETTER SAID THE OLD MAN
cv-valid-dev/sample-001343.mp3,now i will drift gently off to dreamland,2,0,,,,3.2,NOW I WILL DRIFT GENTLY OFF TO DREAMLAND
cv-valid-dev/sample-001344.mp3,no one seemed to have thought about it that night,6,2,,,,4.1,NO ONE SEEMS TO HAVE THOUGHT ABOUT IT THAT NIGHT
cv-valid-dev/sample-001345.mp3,i ain't gonna squeal,2,0,thirties,male,us,2.1,AINK ON A SQUEAL
cv-valid-dev/sample-001346.mp3,amen,1,0,,,,1.4,EMEN
cv-valid-dev/sample-001347.mp3,what was written on the emerald tablet the boy wanted to know,3,0,,,,6.0,WHAT WAS WRITTEN ON THE EMERALD TABLET THE BOY WANTED TO KNOW
cv-valid-dev/sample-001348.mp3,seems like it ought to be fixable in software,1,0,,,,4.3,SEEMS LIKE IT HOT TO BE FIXIBLE IN SOFT WARE
cv-valid-dev/sample-001349.mp3,mostly just the hearts of those who are trying to realize their destinies,1,0,fourties,male,us,5.0,MOSTLY JUST THE HEARTS OF THOSE WHO ARE TRYING TO REALISE THEIR DESTINIES
cv-valid-dev/sample-001350.mp3,i'll just watch him he said to himself,3,0,twenties,male,indian,3.5,I WILL JUST WATCH HIM HE SAID TO HIMSELF
cv-valid-dev/sample-001351.mp3,the execution was cancelled,1,0,,,,3.5,THE EXECUTION WAS CANCELLED
cv-valid-dev/sample-001352.mp3,certainly i'm sure i'm comfortable,1,0,,,,3.1,CERTAINLY IAM SURE I AM COMFORTABLE
cv-valid-dev/sample-001353.mp3,this is what i wished for,1,0,,,,2.0,THIS IS WHAT I WISHED FOR
cv-valid-dev/sample-001354.mp3,the night was warm and i was thirsty,6,0,twenties,female,us,3.5,THE NIGHT WAS WARM AND I WAS THIRSTY
cv-valid-dev/sample-001355.mp3,these trousers don't fit very well,1,0,,,,3.4,THESE TROUSERS DON'T FET VERY WELL
cv-valid-dev/sample-001356.mp3,all things are one,3,0,,,,1.9,ALL THINGS ARE ONE
cv-valid-dev/sample-001357.mp3,the walls were covered with a thick paste,2,0,,,,2.9,THE WALLS WERE COVERED WITH A THICK PASTE
cv-valid-dev/sample-001358.mp3,i am proud of you he said,3,0,fifties,female,england,3.4,I AM PROUD OF YOU HE SAID
cv-valid-dev/sample-001359.mp3,it was only when i got this close to it that the strangeness of it was at all evident to me,2,0,fourties,male,england,7.0,IT WAS ONLY WHEN I GOT THIS CLOSE TO IT THAT THE STRANGENESS OF IT WAS AT ALL EVIDENT TO ME
cv-valid-dev/sample-001360.mp3,an huge hole had been made by the impact of the projectile,7,0,,,,4.5,A HUGE HOLE HAD BEEN MADE BY THE IMPACT OF THE PROJECTILE
cv-valid-dev/sample-001361.mp3,and i'm going to build things,1,0,fourties,male,england,3.3,AND I'M GOING TO BE OLD THINGS
cv-valid-dev/sample-001362.mp3,i knew there was some mistake,3,0,,,,2.8,I KNEW THERE WAS SOME MISTAKE
cv-valid-dev/sample-001363.mp3,will you get close to him,2,0,,,,2.3,WILL YOU GET CLOSE TO HIM
cv-valid-dev/sample-001364.mp3,the thing itself was almost entirely buried in sand,4,0,thirties,male,canada,4.0,THE THING ITSELF WAS ALMOST ENTIRELY BURIED IN SAND
cv-valid-dev/sample-001365.mp3,since the miner had sacrificed everything to his destiny the old man decided to become involved,4,0,twenties,female,canada,6.5,SINCE THE MINER HAD SACRIFICED EVERYTHING TO HIS DESTINY THE OLD MAN DECIDED TO BECOME INVALVED
cv-valid-dev/sample-001366.mp3,from the railway station in the distance came the sound of trains ringing and rumbling,3,1,,,,11.1,FROM THE RAILWAY STATION IN THE DISTANCE CAME THE SOUND OF TRAINS RINGING AND RUMBLING
cv-valid-dev/sample-001367.mp3,the thing itself was almost entirely buried in sand,9,0,twenties,other,england,4.0,THE THING ITSELF WAS ALMOST ENTIRELY BURIED IN THE SAND
cv-valid-dev/sample-001368.mp3,drawing from my own experience as a learner of english and german i value engaging activities that involve everyday conversation,1,0,fifties,male,us,7.7,DRAWING FROM MY OWN EXPERIENCE AS A LEARNER OF ENGLISH AND A GERMAN I VALUE ENGAGING ACTIVITIES THAT INVOLVE EVERYDAY CONVERSATION
cv-valid-dev/sample-001369.mp3,the animals were exhausted and the men talked among themselves less and less,1,0,,,,12.3,THE ANIMALS WERE EXHAUSTED AND THE MEN TALKED AMONG THEMSELVES LESS THAN ONCE
cv-valid-dev/sample-001370.mp3,walk in the grass in my bare feet,1,0,fourties,female,,4.8,WALK IN THE GRASS AND MY BARE FEET
cv-valid-dev/sample-001371.mp3,the old man was probably a gypsy too,3,0,,,,3.0,THE OLD MAN WAS PROBABLY A GYPSY TOO
cv-valid-dev/sample-001372.mp3,if we serve tea in crystal the shop is going to expand,3,1,twenties,other,us,5.5,IF WE SERVE TEA AND CRYSTAL THE SHOP IS GOING TO EXPAND
cv-valid-dev/sample-001373.mp3,so how will we name all these hurricanes,5,1,,,,3.3,SO HOW WILL WE NAME ALL THESE HURRICANES
cv-valid-dev/sample-001374.mp3,because life wants you to achieve your destiny,2,0,,,,4.6,BECAUSE LIFE WANTS YOU TO ACHIEVE YOUR DESTINY
cv-valid-dev/sample-001375.mp3,the whole creature heaved and pulsated convulsively,1,0,,,,3.9,
cv-valid-dev/sample-001376.mp3,everyone seemed very excited,4,0,,,,3.1,EVERYONE SEEMED VERY EXCITED
cv-valid-dev/sample-001377.mp3,there's a caravan leaving today for alfayoum,2,0,,,,3.7,THERE'S A CARAVAN LEAVING TO DAY FOR AL FALUME
cv-valid-dev/sample-001378.mp3,vibrations of peace throughout the tent,1,0,,,,3.5,VIBRATIONS OF PEACE THROUGHOUT THE TEMPT
cv-valid-dev/sample-001379.mp3,the only shadow was that of the few scattered pine trees,2,1,teens,male,,3.8,THE HONLY SHADOW WAS THAT OF A FEW SCATTERN PINE TREE
cv-valid-dev/sample-001380.mp3,bacon pancakes and maple syrup is a hearty start to any day,1,0,,,,4.5,BEACON PANCAKES AND MAPLE SYRUP IS A HEARTY START DO ANY DEE
cv-valid-dev/sample-001381.mp3,it was just ripe enough to eat,1,0,twenties,male,us,3.0,IT WAS JUST RIPE ENOUGH TO EAT
cv-valid-dev/sample-001382.mp3,there were lights in the upper windows of the houses when the people went to bed,2,0,,,,8.0,THERE WERE LIGHTS IN THE UPPER WINDOWS OF THE HOUSES WHEN THE PEOPLE WENT TO BED
cv-valid-dev/sample-001383.mp3,the electrician looked puzzled,1,0,,,,3.7,THE ELECTRICIAN LOOK PUZZLED
cv-valid-dev/sample-001384.mp3,i'll bet you don't really need those,1,0,,,,2.1,I BET YOU DON'T REALLY NEED THOSE
cv-valid-dev/sample-001385.mp3,so the wind blew with all its strength and the sky was filled with sand,11,1,,,,5.1,SO THE WIND BLEW WITH ALL ITS STRENGTH AND THE SKY WAS FILLED WITH SAND
cv-valid-dev/sample-001386.mp3,then came the night of the first falling star,3,0,,,,5.0,THEN CAME THE NIGHT OF THE FILST FALLING STY
cv-valid-dev/sample-001387.mp3,where is the treasure he asked,3,0,twenties,male,indian,4.9,WHERE IS THE TREASURE HE ASKED
cv-valid-dev/sample-001388.mp3,it is i the boy answered,4,0,fifties,female,us,2.4,IT IS I THE BOY ANSWERED
cv-valid-dev/sample-001389.mp3,what do you know about that,3,0,,,,3.0,WHAT DO YOU KNOW ABOUT THAT
cv-valid-dev/sample-001390.mp3,they're not my sheep anymore he said to himself without nostalgia,1,0,fourties,male,england,4.7,THEY ARE NOT MY SHIP ANY MORE HE SAID TO HIMSELF WITHOUT NOSTRELIA
cv-valid-dev/sample-001391.mp3,they went on smoking the pipe for a while as the sun began to set,3,0,,,,5.3,THEY WENT ON SMOKING THE PIPE FOR A WHILE AS THE SUN BEGAN TO SET
cv-valid-dev/sample-001392.mp3,he had come to the town only to find a woman who could interpret his dream,1,0,,,,5.3,HE HAD COME TO THE TOWN ONLY TO FIND A WOMAN WHO COULD INTERPRET HIS DREAM
cv-valid-dev/sample-001393.mp3,when he was in hospital the nurse took an xray photograph of his arm,2,0,,,,5.5,WHEN HE WAS IN HOSPITAL THE NURSE TOOK AN EXTRA PHOTOGRAPH OF HIS ARM
cv-valid-dev/sample-001394.mp3,he wandered for a while keeping the date palms of the oasis within sight,5,0,thirties,male,us,7.6,HE WANDERED FAREWELL KEEPING THE DEAD PALMS OF THE ISE'S WITHIN SIGHT
cv-valid-dev/sample-001395.mp3,and then he perceived it very slowly,6,0,thirties,male,england,2.8,AND THEN HE PERCEIVED IT VERY SLOWLY
cv-valid-dev/sample-001396.mp3,hitting the delete and escape keys did nothing,2,0,twenties,female,us,3.8,HITTING THE DILLY AND ESCAPEKEYS DID NOTHING
cv-valid-dev/sample-001397.mp3,and eventually man will nourish your sands where the game will once again flourish,2,1,,,,8.6,AND EVENTUALLY MAN WILL NOURISH YOUR SANDS WHERE THE GAME WILL ONCE AGAIN FLOURISH
cv-valid-dev/sample-001398.mp3,how long will it take to get him examined,1,0,thirties,male,us,3.9,HOW LONG WILL IT TAKE TO GET HIM EXAMINED
cv-valid-dev/sample-001399.mp3,the newspaper articles had prepared everyone for the reception of the idea,3,0,,,,6.4,THE NEWSPAPER ARTICLES HAD PREPARED EVERYONE FOR THE RECEPTION OF THE IDEA
cv-valid-dev/sample-001400.mp3,about eleven i walked back to my home in maybury because nothing seemed to be happening,3,1,,,,5.0,ABOUT ELEVEN I WALKED BACK TO MY HOME IN BAYBURY BECAUSE NOTHING SEEMED TO BE HAPPENING
cv-valid-dev/sample-001401.mp3,they were men of the desert and they were fearful of sorcerers,5,0,thirties,male,england,5.1,THEY WERE MEN OF THE DESERT AND THEY WERE FEARFUL OF THE SORCERERS
cv-valid-dev/sample-001402.mp3,did you finish the interview,1,0,,,,2.5,DID YOU FINISH THE INTERVIEW
cv-valid-dev/sample-001403.mp3,they have their eyes glued on his face,1,0,,,,9.0,THEY HAVE THEIR EYES LEWED ON HIS FACE
cv-valid-dev/sample-001404.mp3,something terrible's happened to me,1,0,twenties,male,,2.9,SOMETHING TERRIBLE THIS HAPPENED TO ME
cv-valid-dev/sample-001405.mp3,i heard a faint movement under my feet,2,0,fifties,female,england,3.9,I HAD A FAINT MOVEMENT UNDER MY FEET
cv-valid-dev/sample-001406.mp3,henderson stood up with a spade in his hand,5,0,fourties,male,australia,3.9,HENDERSON STOOD UP WITH A SPADE IN HIS HAND
cv-valid-dev/sample-001407.mp3,but he decided first to buy his bakery and put some money aside,2,0,,,,3.3,BUT HE DECIDED FIRST TO BUY HIS BAKERY AND PUT SOME MONEY ASIDE
cv-valid-dev/sample-001408.mp3,only we call them agents,1,0,fourties,female,england,2.5,ONLY WE CALL THEM AGENTS
cv-valid-dev/sample-001409.mp3,why the shots stopped after the tenth no one on earth has tried to explain,3,0,,,,5.9,WHY THE SHOPS STOP AFTER THE TENTH NO ONE ON EARTH HAS TRIED TO EXPLAIN
cv-valid-dev/sample-001410.mp3,how they managed to improvise at such short notice she'll never know,1,0,teens,male,us,5.9,HOW THEY MANAGE TO IMPROVISE HAT SUCH SHORT NOTICE SHE'LL NEVER KNOW
cv-valid-dev/sample-001411.mp3,and that's where the power of love comes in,1,0,,,,4.9,AND THETS ARE THE POE OF LOVE COMES IN
cv-valid-dev/sample-001412.mp3,they were looking only for gold his companion answered,2,0,,,,6.3,THEY WERE LOOKING ONLY FOR GALL HIS COMPANION ANSWERED
cv-valid-dev/sample-001413.mp3,he wanted to say so to the alchemist but he was afraid of the man,1,0,,,,11.7,HE WANTED TO SAY SO TO THE ARCHIMIST BUT HE WAS AFRAID OF THE MAN
cv-valid-dev/sample-001414.mp3,for at that time it had not occurred to him that it might be hollow,3,0,,,,7.2,FOR AT THAT TIME IT HAD NOT OCCURRED TO HIM THAT IT MIGHT BE HOLLOW
cv-valid-dev/sample-001415.mp3,even me  i haven't thought of other women since i met the merchant's daughter,1,0,,,,5.2,EVEN ME I HAVEN'T THOUGHT OF OTHER WOMEN SINCE I MET THE MERCHANT'S DAUGHTER
cv-valid-dev/sample-001416.mp3,so what is salem like he asked trying to get some sort of clue,3,0,,,,7.5,SO WHAT IS SAIL HIM LIKE HE ASKED TRYING TO GET SOME SORT OF CLUE
cv-valid-dev/sample-001417.mp3,he moved about invisible but everyone could hear him,4,0,,,,3.4,HE MOVED ABOUT INVISIBLE BUT EVERY ONE COULD HEAR HIM
cv-valid-dev/sample-001418.mp3,my review of the sun one star,2,0,,,,5.2,MARIVE OF THE SUN ONE STA
cv-valid-dev/sample-001419.mp3,the desert didn't answer him for a few moments,1,0,,,,5.1,THE DESERT DID NOT ANSWER HIM FOR A FEW MOMENTS
cv-valid-dev/sample-001420.mp3,janet roger died three months ago,3,0,,,,3.2,JANIT ROGER DIED THREE MONTHS AGO
cv-valid-dev/sample-001421.mp3,and in that way the months passed,2,0,,,,7.3,AND IN THAT WAY THE MONTHS PASSED
cv-valid-dev/sample-001422.mp3,what would you say to giving them a joint interview,2,1,,,,3.8,WHAT WOULD USE HE TO GIVING THEM A JOINT INTOVOU
cv-valid-dev/sample-001423.mp3,i thought about whether we should find coins and models in it and so on,2,1,,,,4.9,I THOUGHT ABOUT WHETHER WE SHOULD FIND COINS AND MODDLES IN IT AND SO ON
cv-valid-dev/sample-001424.mp3,he remembered what the old man had said about offering something you didn't even have yet,4,0,,,,8.9,HE REMEMBERED WHAT THE OLD MAN HAD SAID ABOUT OFFERING SOMETHING YOU DID NMAN HAVE YET
cv-valid-dev/sample-001425.mp3,we could get to the pyramids by tomorrow said the other taking the money,1,0,fourties,male,african,5.6,WE COULD GET TO THE PYRAMIDS BY TO MORROW SAD THE HOUR TAKING THE MONEY
cv-valid-dev/sample-001426.mp3,the boy was shaking with fear but the alchemist helped him out of the tent,3,0,twenties,male,us,5.7,THE BOY WAS SHAKING WITH FEAR BUT THE ALCHYMISS HELPED HIM OUT OF THE TENT
cv-valid-dev/sample-001427.mp3,it looked like a rusty gas float,6,1,thirties,male,us,4.2,IT LOOKED LIKE A RUSTY GAS FLOAT
cv-valid-dev/sample-001428.mp3,but arms cannot be drawn unless they also go into battle,2,1,,,,4.2,BUT ARMS CANNOT BE DRAWN UNLESS THEY ALSO GOT INTO BATTLE
cv-valid-dev/sample-001429.mp3,he had seen the shooting star and was persuaded that a meteorite lay somewhere nearby,1,0,,,,5.8,HE HAD SEEN THE SHOOTING STAR AND WAS PERSUADED THAT A METEORITE LAY SOMEWHERE NEAR BY
cv-valid-dev/sample-001430.mp3,maybe we're all that way the boy mused,3,0,,,,3.8,MAYBE WE'RE ALL THAT WAY THE BOY MUSED
cv-valid-dev/sample-001431.mp3,but finally he agreed that the boy who spoke better arabic than he should do so,2,0,,,,5.6,BUT FINALLY HE AGREED THAT THE BOY WHO SPOKE BETTER ROBIC THAN HE SHOULD DO SO
cv-valid-dev/sample-001432.mp3,people say strange things the boy thought,4,1,twenties,male,,3.5,PEOPLELL SAY STRENDOUS THINGS SAID BORBISSO
cv-valid-dev/sample-001433.mp3,let's go and have some lunch said the crystal merchant,2,0,sixties,female,us,7.0,LET'S GO AND HAVE SOME LUNCH SAID THE CRYSTAL MERCHANT
cv-valid-dev/sample-001434.mp3,they had gone away to breakfast at henderson's house,5,0,,,,3.9,THEY HAD GONE AWAY TO BREAKFAST AT HENDERSON'S HOUSE
cv-valid-dev/sample-001435.mp3,night after night holly came back late from the office,2,0,teens,male,indian,3.5,NIGHT AFTER NIGHT HOLI CAME BACK LATE FROM THE OFFICE
cv-valid-dev/sample-001436.mp3,i want to talk to both of you,1,0,twenties,male,,2.4,I WANT A DULT THE WORTH OF YOU
cv-valid-dev/sample-001437.mp3,the shop is exactly the size i always wanted it to be,2,0,twenties,male,england,3.5,THE SHOP IS EXACTLY THE SIZE I ALWAYS WANTED IT TO BE
cv-valid-dev/sample-001438.mp3,then he took from his knapsack a bottle of wine and drank some,2,1,,,,6.0,THEN HE TOOK FROM HIS MACKSACK A BOTTLE OF WINE AND DRANK SOME
cv-valid-dev/sample-001439.mp3,in those days very few of the people had any idea about astronomy,3,0,,,,6.6,IN THOSE DAYS VERY FEW OF THE PEOPLE HAD ANY IDEA ABOUT ASTRONOMY
cv-valid-dev/sample-001440.mp3,dont share your opinions so readily because you never know who is listening,1,0,,,,4.6,DON'T SHARE YOUR OPINIONS SO READILY BECAUSE YOU NEVER KNOW WHO IS LISTENING
cv-valid-dev/sample-001441.mp3,i want to tell you a story about dreams said the alchemist,2,1,,,,5.1,I WANT TO TELL YOU A STORY ABOUT DREAMS SATEALCHEMIST
cv-valid-dev/sample-001442.mp3,benjamin was snacking on strips of bacon,3,0,,,,4.4,BENJAMIN WAS SNACKING ON STRIPS OF BACON
cv-valid-dev/sample-001443.mp3,they spoke about mercury salt dragons and kings and he didn't understand any of it,2,0,,,,4.4,THEY SPOKE ABOUT MERCULARY SALT DRAGONS AND KINGS AND HE DOEDN'T UNDERSTAND THEENNY OF IT
cv-valid-dev/sample-001444.mp3,so how will we name all these hurricanes,1,0,teens,male,us,3.7,SO HOW WILL WE NAME ALL THESE HURRICANES
cv-valid-dev/sample-001445.mp3,but he didn't need to worry about that right now,2,0,,,,3.0,BUT HE DIDN'T NEED TO WORRY ABOUT THAT RIGHT NOW
cv-valid-dev/sample-001446.mp3,you may kiss my hand,2,0,fifties,female,,3.3,YOU MAY KISS MY HAND
cv-valid-dev/sample-001447.mp3,i pointed out mars a bright dot of light,6,0,,,,4.8,I POINTED OUT MARS A BRIGHT DOT OF LIGHT
cv-valid-dev/sample-001448.mp3,the monk laughed when he saw me come back in tatters,1,0,,,,3.1,THE MONK LAUGHED WHEN HE SAW ME COME BACK IN TATTERS
cv-valid-dev/sample-001449.mp3,all you have to remember is to be sincere,2,0,,,,4.0,ALL YOU HAVE TO REMEMBER IS TO BE SINCERE
cv-valid-dev/sample-001450.mp3,i heard a peculiar humming sound from the pit,1,0,,male,us,3.1,I HEARD A PECULIAR HUMMING SOUND FROM THE PIT
cv-valid-dev/sample-001451.mp3,the only shadow was that of the few scattered pine trees,1,0,,,,4.3,THE ONLY SHADOW WAS THAT OF THE FEW SCATTERED PINE TREES
cv-valid-dev/sample-001452.mp3,the sun thought about that and decided to shine more brightly,1,0,,,,5.1,THE SUN SOARED ABOUTS IT AND DECIDED TO SHINE MORE BRIGHTLY
cv-valid-dev/sample-001453.mp3,that sounds like their problem,2,0,fifties,female,australia,3.5,THET THOU IT LIKE THERE BUT ALBIN
cv-valid-dev/sample-001454.mp3,the boy brought his horse closer,3,0,,,,2.9,THE BOY BROUGHT HIS HORSE CLOSER
cv-valid-dev/sample-001455.mp3,and so do i,1,0,fourties,female,canada,1.9,AND SO DO I
cv-valid-dev/sample-001456.mp3,the scale model of the architects plans sat at the center of the conference room,1,0,fourties,male,england,5.4,THE SCALE MODEL OF THE ARCHITECT'S PLAN SAT AT THE CENTRE OF THE CONFERENCE ROOM
cv-valid-dev/sample-001457.mp3,and shouldn't they be garnished,2,0,fourties,male,african,3.3,AND SHOULD DAY BE GARNISHED
cv-valid-dev/sample-001458.mp3,well why don't we go there right now the boy asked,1,0,,,,5.4,WELL WHY DON'T WE GO THERE RIGHT NOW THE BOY ASKED
cv-valid-dev/sample-001459.mp3,my keyboard is filled with dust,2,0,twenties,male,us,3.0,MY KEYBOARD IS FILLED WITH DUST
cv-valid-dev/sample-001460.mp3,he should respect tradition,2,0,,,,3.0,HE SHOULD RESPECT TRADITION
cv-valid-dev/sample-001461.mp3,this samantha tommy movement costs you a fortune,1,0,twenties,male,us,3.9,THIS SMANTOTOMI MOVEMENT COSTS YOU FORTUNE
cv-valid-dev/sample-001462.mp3,i thought the unscrewing might be automatic,2,0,,,,3.1,I THOUGHT THE INSCURING MIGHT BE AUTOMATIC
cv-valid-dev/sample-001463.mp3,it made me very depressed,3,0,,,,4.7,IT MADE ME VERY DEPRESSED
cv-valid-dev/sample-001464.mp3,it's a code said the boy a bit disappointed,5,0,twenties,female,us,3.5,IT'S A COD SAID THE BOY A BIT DISAPPOINTED
cv-valid-dev/sample-001465.mp3,i am in search of that universal language among other things,3,0,fourties,male,,5.3,I AM IN SEARCH OF THAT UNIVERSAL LANGUAGE AMONG OTHER THINGS
cv-valid-dev/sample-001466.mp3,mr lee can't be bothered now,1,0,,,,2.9,MISTER LEE CAN'T BE BOTHERED NOW
cv-valid-dev/sample-001467.mp3,that's a good idea,1,0,fifties,male,us,3.0,THAT'S A GOOD IDEA
cv-valid-dev/sample-001468.mp3,they went to the kitchen at the back of the monastery,1,0,,,,5.7,THEY RAN TO THE KITCHEN AT THE BACK OF THE MONASTERY
cv-valid-dev/sample-001469.mp3,some went away while i was there and other people came,2,0,twenties,male,england,4.3,SOME WENT AWAY WHILE I WAS THERE AND OTHER PEOPLE CAME
cv-valid-dev/sample-001470.mp3,how did you learn to read the girl asked at one point,1,0,,,,5.9,HOW DID YOU LEARN TO READ THE GIRL ASKED AT ONE POINT
cv-valid-dev/sample-001471.mp3,and you've told me nothing along the way said the boy,1,0,,,,4.2,AND YOU'VE TOLD ME NOTHING ALONG THE WAY SAID THE BOY
cv-valid-dev/sample-001472.mp3,you've hinted it often enough,2,0,,,,2.4,YOU'VE HINTED IT OFTEN ENOUGH
cv-valid-dev/sample-001473.mp3,now i will drift gently off to dreamland,4,1,,,,4.6,NOW I WILL DRIFT GENTLY OFF TO DREAMLAND
cv-valid-dev/sample-001474.mp3,you can't stop for a thing now,4,0,,,,3.0,YOU CAN'T STOP FOR A THING NOW
cv-valid-dev/sample-001475.mp3,who's got the room next to hers,1,0,,,us,2.9,WHO'S GOT THE ROOM NEXT TO HERS
cv-valid-dev/sample-001476.mp3,you'll have to wake him up,3,0,,,,2.0,YOU'LL HAVE TO WAKE HIM UP
cv-valid-dev/sample-001477.mp3,what on earth are you doing,2,1,thirties,male,us,2.7,WHAT ON EARTH ARE YOU DOING
cv-valid-dev/sample-001478.mp3,i'm not going very far the alchemist answered looking straight into the eyes of the horsemen,2,0,,,,5.6,IT'S NOT GOING VERY FAR THE ALCHYMIST ANSWERED LOOKING STRAIGHT INTO THE EYES OF THE HORSEMAN
cv-valid-dev/sample-001479.mp3,it looked like a rusty gas float,7,0,thirties,male,australia,2.2,IT LOOKED LIKE A RUSTY GASPHLOTE
cv-valid-dev/sample-001480.mp3,something inside the cylinder was unscrewing the top,6,0,thirties,female,canada,3.5,SOMETHING INSIDE THE CYLINDER WAS UNSCREWING THE TOP
cv-valid-dev/sample-001481.mp3,the old man knew how to read and had already read the book,6,0,,,,4.3,THE OLD MAN KNEW HOW TO READ AND HAD ALREADY READ THE BOOK
cv-valid-dev/sample-001482.mp3,the two men hurried back and found the cylinder still lying in the same position,3,0,,,,5.4,THE TWO MEN HURRIED BACK AND FOUND THE CYLINDER STILL LYING IN THE SAME POSITION
cv-valid-dev/sample-001483.mp3,and this is for me said the alchemist keeping one of the parts,2,0,thirties,female,indian,6.7,AND THIS IS FOR ME SAID THE ALCHEMIST KEEPING ONE OF THE PARTS
cv-valid-dev/sample-001484.mp3,then a man approached,2,0,seventies,male,australia,3.5,THEN A MAN APPROACHED
cv-valid-dev/sample-001485.mp3,just handling them made him feel better,4,0,,,,4.3,JUST HANDLING THEM MADE HIM FEEL BETTER
cv-valid-dev/sample-001486.mp3,because i don't live in either my past or my future,11,0,,,,6.1,BECAUSE I DON'T LIVE IN EITHER MY PAST OR MY FUTURE
cv-valid-dev/sample-001487.mp3,i went stretching my legs clumsily and feeling my way in the dark,2,1,,,,5.0,I WENT TO STRETCHIN MY LEGS CLUMSILY AND FEELING MY WAY IN THE DARK
cv-valid-dev/sample-001488.mp3,but where are the houses,3,0,fourties,male,us,4.6,BUT WHERE ARE THE HOUSES
cv-valid-dev/sample-001489.mp3,isn't it just beautiful,2,0,thirties,male,us,2.3,ISN'T IT JUST BEAUTIFUL
cv-valid-dev/sample-001490.mp3,the caravan would be very lucky to reach the oasis,3,0,,,,3.5,THE CARAVAN WOULD BE VERY LUCKY TO REACH THE OASIS
cv-valid-dev/sample-001491.mp3,i'll just watch him he said to himself,1,0,,,,4.5,I'LL JUST WATCH EM HE SAID TO HIMSELF
cv-valid-dev/sample-001492.mp3,it rattled menacingly,1,0,thirties,female,us,2.4,IT RATTLED MENACINGLY
cv-valid-dev/sample-001493.mp3,the boy wanted to take her hand,1,0,teens,male,us,2.5,THE BOY WANTED TO TAKE HER HAND
cv-valid-dev/sample-001494.mp3,i had the everyone has gary busey's teeth dream again,3,1,twenties,male,england,5.1,I HAD THERE EVERYONE HAS GARYBOOSY'S TEETH DREAM AGAIN
cv-valid-dev/sample-001495.mp3,then he dropped his spade picked up his jacket and came out into the road,1,0,,,,4.9,THEN HE DROPPED HIS SPAY PICKED UP HIS JACKET AND CAME OUT INTO THE ROAD
cv-valid-dev/sample-001496.mp3,the same hand that had brandished the sword now held a whip,2,1,fourties,male,england,6.0,THE SAME HAND THAT HAD BRANDIGHED TO THE SOLD NOW HELD A WHIG
cv-valid-dev/sample-001497.mp3,it had a diameter of about thirty yards,10,0,,,,3.0,IT HAD A DIAMETER OF ABOUT THIRTY YARDS
cv-valid-dev/sample-001498.mp3,it's the other foreigner the englishman,2,1,,,,3.0,IT'S THE OTHER FOREIGN THE ENGLISHMAN
cv-valid-dev/sample-001499.mp3,you didn't have to do any cleaning he said,2,0,twenties,female,canada,3.4,YOU DIDN'T HAVE TO DO ANY CLEANING HE SAID
cv-valid-dev/sample-001500.mp3,just use the phone,3,0,twenties,male,us,2.1,JUST USE THE PHONE
cv-valid-dev/sample-001501.mp3,i had to test your courage the stranger said,3,0,,,,3.9,I HAD TO TEST YOUR COURAGE THE STRANGER SAID
cv-valid-dev/sample-001502.mp3,it was starlight and i explained the signs of the zodiac to her,5,0,,,,7.2,IT WAS STARLIGHT AND I EXPLAINED THE SIGNS OF THE ZODIAC TO HER
cv-valid-dev/sample-001503.mp3,i'm afraid that if my dream is realized i'll have no reason to go on living,4,0,,,,7.2,I'M AFRAID THAT IF MY DREAM IS REALISED I'LL HAVE NO REASON TO GO ON LIVING
cv-valid-dev/sample-001504.mp3,i'm going with you the boy said,5,0,,,,5.2,I AM GOING WITH YOU THE BOY IS SAID
cv-valid-dev/sample-001505.mp3,the emerald tablet is a direct passage to the soul of the world,3,1,,,,4.0,THE EMERALD TABLET IS A DIRECT PASSAGE TO THE CALL OF THE WORLD
cv-valid-dev/sample-001506.mp3,and at that i told him and he took my place,2,1,,,,4.4,AND AT THAT I TOLD HIM AND HE TOOK MY PLACE
cv-valid-dev/sample-001507.mp3,so he could not be hasty nor impatient,2,1,,,,3.5,SO HE COULD NOT BE HASTY NOR IMPASSIENT
cv-valid-dev/sample-001508.mp3,who is this man,1,0,twenties,male,scotland,1.9,WHO AS THUS MAN
cv-valid-dev/sample-001509.mp3,a semitransparent overlay promoted the beta version of an android app,1,0,,,,5.1,A SEMING TRANSPARENT OF LAY PROMOTED THE BETAVERSION OF ANENDRID UP
cv-valid-dev/sample-001510.mp3,meanwhile the boy thought about his treasure,2,1,,,,4.7,MEANWHILE THE BOY TAUGKT ABOUT HIS TREASURE
cv-valid-dev/sample-001511.mp3,i don't want anything for myself,1,0,fourties,male,england,2.4,I DON'T WANT ANYTHING FOR MYSELF
cv-valid-dev/sample-001512.mp3,so how will we name all these hurricanes,2,0,,,,4.3,SO HOW WILL WE NAME OISE'S HERRICANES
cv-valid-dev/sample-001513.mp3,i'm afraid you're blocking my view,1,0,,,,2.4,I'M AFRAID YOU'RE BLOCKING MY VIEW
cv-valid-dev/sample-001514.mp3,maybe tomorrow said the boy moving away,1,0,,,,3.9,MAYBE TO MORROW SAID THE BOY MOVING AWAY
cv-valid-dev/sample-001515.mp3,he picked up the two stones and put them back in his pouch,2,0,,other,us,4.3,HE PICKED UP THE TWO STONES AND PUT THEM BACK IN HIS POUCH
cv-valid-dev/sample-001516.mp3,or a man into the wind,334,12,,,,2.5,OR A MAN INTO THE WIND
cv-valid-dev/sample-001517.mp3,you came so that you could learn about your dreams said the old woman,4,1,thirties,female,canada,5.3,YOU CAME SO THAT YOU COULD LEARN ABOUT YOUR DREAMS SAID THE OLD WOMAN
cv-valid-dev/sample-001518.mp3,what's that other paper going to give you,1,0,fourties,male,hongkong,3.1,WHAT'S THAT OTHER PAPER GOING TO GIVE YOU
cv-valid-dev/sample-001519.mp3,i was scared but wasted no time in going out and crossing the bridge to the sand pits,3,0,twenties,female,canada,6.0,I WAS SCARED BUT WASTED NO TIME IN GOING OUT AND CROSSING THE BRIDGE TO THE SAND PITS
cv-valid-dev/sample-001520.mp3,the caterpillar responded with a nod,1,0,fourties,male,us,3.1,THE CATERPILLAR RESPONDED WITH A NOD
cv-valid-dev/sample-001521.mp3,what'll i tell him,1,0,,,,1.9,WHAT'LL I TELL HIM
cv-valid-dev/sample-001522.mp3,the shop folks were taking down their shutters and people were opening their bedroom windows,3,1,,,,5.5,THE SOB FOLKS WERE TAKING DOWN THEIR SHUTTERS AND PEOPLE WERE ROPING THEIR BEDROOM WINDOWS
cv-valid-dev/sample-001523.mp3,those gypsies are really smart he thought,5,0,,,,2.7,THOSE GYPSIES ARE REALLY SMART HE THOUGHT
cv-valid-dev/sample-001524.mp3,i shall make us some ice cubes,10,1,,,,3.8,I SHALL MAKE US SOME ICE CUBES
cv-valid-dev/sample-001525.mp3,few people realise the immensity of vacancy,2,0,thirties,female,indian,4.9,FEW PEOPLE REALISE THE IMMENSITY OF WAKANCY
cv-valid-dev/sample-001526.mp3,some men were smoking from a gigantic pipe that they passed from one to the other,1,0,,,,5.8,SOME MEN WERE SMOKING FROM A GIGANTIC PIPE THAT THEY PASSED FROM ONE DOOR FRONE TO THE OTHER
cv-valid-dev/sample-001527.mp3,because i've always heard about them the boy answered saying nothing about his dream,2,0,,,,6.9,BECAUSE I HAVE ALWAYS HEARD ABOUT THEM THE BOY ANSWERED SAYING NOTHING ABOUT HIS DREAM
cv-valid-dev/sample-001528.mp3,we're going to glasgow next year,1,0,,,,3.2,WE ARE GOING TO GLASCOW YE
cv-valid-dev/sample-001529.mp3,i want to do what i want to do,1,0,thirties,male,us,2.4,I WANT TO DO WHAT I WANT TO DO
cv-valid-dev/sample-001530.mp3,they were his treasure,2,0,,,,2.0,DERA HIS TREASURE
cv-valid-dev/sample-001531.mp3,a current of love rushed from his heart and the boy began to pray,3,0,,,,9.7,A CURRENT OF LOVE RUSHED FROM HIS HEART AND THE BOY BEGAN TO PRAY
cv-valid-dev/sample-001532.mp3,disregard my last statement,1,0,,,,2.7,DISREGARD MY LAST STATEMENT
cv-valid-dev/sample-001533.mp3,you'll watch them as they grow demonstrating how the world is always changing,3,0,,,,6.6,YOU'LL WATCH THEM AS THEY GROW DEMONSTRATING HOW THE WORLD IS ALWAYS CHANGING
cv-valid-dev/sample-001534.mp3,the art festival was a disaster,1,0,,,,3.6,THE ART FESTIVAL WAS A DISASTER
cv-valid-dev/sample-001535.mp3,let me tell you what will happen,1,0,,,,2.9,LET ME TELL YOU WHAT WILL HAPPEN
cv-valid-dev/sample-001536.mp3,he remembered something his grandfather had once told him that butterflies were a good omen,1,0,,,,7.7,HE REMEMBERED SOMETHING HIS GRANDFATHER HAD ONCE TOLD HIM THAT BUTTERFLIES WERE A GOOD OMEN
cv-valid-dev/sample-001537.mp3,i don't even know who i'm talking to any more,1,0,teens,male,us,6.2,ANDGHAT NIGHT GEN NO WHY I'M HICKI NAY NOW
cv-valid-dev/sample-001538.mp3,the camel drivers exchanged information about windstorms and told stories about the desert,1,0,,,,5.5,THE CAMEL DRIVERS EXCHANGED INFORMATION ABOUT WINDSTORMS AND TOLD STORIES ABOUT THE DESERT
cv-valid-dev/sample-001539.mp3,the camel driver though seemed not to be very concerned with the threat of war,4,0,,,,4.1,THE CAMEL DRIVER THOUGH SEEMED NOT TO BE VERY CONCERNED WITH THE THREAT OF WAR
cv-valid-dev/sample-001540.mp3,the door was locked,1,0,twenties,male,,1.9,THE DOOR WAS LOCKED
cv-valid-dev/sample-001541.mp3,there were lights in the upper windows of the houses when the people went to bed,2,1,,,,6.7,THERE WARE LIGHTS IN THE UPPER WINDOWS OF THE HOUSES WHEN THE PEOPLE WENT TO BED
cv-valid-dev/sample-001542.mp3,he condemned the commander to death without honor,3,0,,,,4.4,HE CONDEMNED THE COMMANDER TO DEATH WITHOUT HONOR
cv-valid-dev/sample-001543.mp3,the burning fire had been extinguished,3,0,fifties,male,scotland,6.2,THE BURNING FIRE HAD BEEN EXTINGUISHED
cv-valid-dev/sample-001544.mp3,vibrations of peace throughout the tent,1,0,,,,4.4,THA WOTNISS PRECIOUS MAGIPENT
cv-valid-dev/sample-001545.mp3,i was just in town earlier this year so it is kind of crazy to think about what took place right after,3,0,,,,9.0,IY WAS JUST IN TOWN EARLIER THIS YEAR SO IT IS KIND OF CRAZY TO THINK ABOUT WHAT TOOK PLACE RIGHT AFTER
cv-valid-dev/sample-001546.mp3,it spread through the planet's atmosphere and obscured its more familiar features,3,0,,,,4.7,IT SPREAD THROUGH THE PLANET'S ATMOSPHERE AND OBSCURED ITS MORE FAMILIAR FEATURES
cv-valid-dev/sample-001547.mp3,i remember how i sat on the table there in the blackness with patches of green and crimson swimming before my eyes,4,0,,,,10.7,I REMEMBER HOW I SAT ON THE TABLE THERE IN THE BLACKNESS WITH PATCHES OF GREEN AND CRIMSON SWIMMING BEFORE MY EYES
cv-valid-dev/sample-001548.mp3,he knew he was stronger than his friend,3,0,,,,4.3,HE KNEW HE WAS STRONGER THAN HIS FRIEND
cv-valid-dev/sample-001549.mp3,and he looked out over the desert that had brought him to the woman he loved,2,0,thirties,female,us,5.4,AND HE LOOKED OUT OVER THE DESERT THAT HAD BROUGHT HIM TO THE WOMAN HE LOVED
cv-valid-dev/sample-001550.mp3,some of those who saw its flight say it travelled with a hissing sound,3,1,,,,6.5,SOME OF THOSE WHOSE SITHES FLIGHT SAY A TRAVELLED WITH A HISSING SOUND
cv-valid-dev/sample-001551.mp3,i'm terribly sorry she isn't here,2,0,,,,2.7,I'M TERRIBLY SORRY SHE ISN'T HERE
cv-valid-dev/sample-001552.mp3,before him was an enormous white horse rearing over him with a frightening scream,2,0,,,,9.5,BEFORE HIM WAS AN ENORMOUS WHITE HORSE REARING OVER HIM WITH A FRIGHTENING SCREAM
cv-valid-dev/sample-001553.mp3,you don't have to smell the world,1,0,thirties,male,canada,3.3,YOU DON'T HAVE TO SMELL THE WORLD
cv-valid-dev/sample-001554.mp3,whatever the thing observed one could find a connection with his experience of the moment,2,0,fourties,male,us,5.1,WHATEVER THE THING OBSERVED ONE COULD FIND A CONNECTION WITH HIS EXPERIENCE OF THE MOMENT
cv-valid-dev/sample-001555.mp3,when you play cards the first time you are almost sure to win,9,0,,,,4.8,WHEN YOU PLAY CARDS THE FIRST TIME YOU ARE ALMOST SURE TO WIN
cv-valid-dev/sample-001556.mp3,everyone seemed very excited,2,0,thirties,male,us,3.5,EVERYONE SEEMED VERY EXCITED
cv-valid-dev/sample-001557.mp3,'everyone loved them and enjoyed them,2,1,,,,4.6,EVERY ONE LOVED THEM AND UNDROYED THEM
cv-valid-dev/sample-001558.mp3,that brings you good luck for ten years,1,0,thirties,male,us,3.3,THAT BRINGS YOUR GOOD LUCK FOR TEN YEARS
cv-valid-dev/sample-001559.mp3,yet it was a little too large for assurance,3,0,twenties,female,,3.1,YET IT WAS A LITTLE TOO LARGE FOR ASSURANCE
cv-valid-dev/sample-001560.mp3,as the englishman left fatima arrived and filled her vessel with water,2,1,,,,7.1,AT THE ENGLISHMAN LEFT ATINA ARRIVED AND FILLED HER VESSEL IWATER
cv-valid-dev/sample-001561.mp3,but he didn't need to worry about that right now,1,0,fifties,male,australia,4.7,HE DIDN'T NEED TO WORRY ABOUT THAT RIGHT NOW
cv-valid-dev/sample-001562.mp3,at the first glance it was really not very exciting,4,1,thirties,male,australia,2.8,AT THE FIRST GLANCE IT WAS REALLY NOT VERY EXCITING
cv-valid-dev/sample-001563.mp3,she must have known alex pretty well,1,0,fifties,male,australia,2.3,SHE MUST HAVE KNOWN ALEX PRETTY WELL
cv-valid-dev/sample-001564.mp3,all who went there were happy at having done so,1,0,thirties,male,australia,4.4,ALL WHO WENT THERE WERE HAPPY AT HAVING DONE SO
cv-valid-dev/sample-001565.mp3,some men were smoking from a gigantic pipe that they passed from one to the other,1,0,,,,6.9,SOME MEN MY SMOKING FROM GIGANTIC PIPES THAT THEY PASSED FROM WA TUESY ASE
cv-valid-dev/sample-001566.mp3,and the last one,3,0,,,,3.2,ENDELASTRONG
cv-valid-dev/sample-001567.mp3,he stood irresolute for a moment and then scrambled out of the pit,4,0,teens,female,us,4.3,HE STOOD IRRESOLUTE FOR A MOMENT AND THEN SCRAMBLED OUT OF THE PIT
cv-valid-dev/sample-001568.mp3,we've been fed baloney so long we're getting used to it,1,0,thirties,male,england,6.0,WE'VE BEEN FED BOLOWNE SO LONG WE'RE GETTING USED TO IT
cv-valid-dev/sample-001569.mp3,then who are you,2,0,,,,2.8,THEN WHO ARE YOU
cv-valid-dev/sample-001570.mp3,go back to watching the caravan he said,1,0,,,,4.3,GO BACK TO WASHMINGDE CARAVINE SAID
cv-valid-dev/sample-001571.mp3,based on the omens of the present,1,0,,,,2.9,BASED ON THE OMENS OF THE PHRASENT
cv-valid-dev/sample-001572.mp3,she reversed the charges,1,0,,,,3.5,SHE REVERSED THE CHARGES
cv-valid-dev/sample-001573.mp3,throughout the night the boy dug at the place he had chosen but found nothing,1,0,,,,5.8,THROUGHOUT THE NIGHT THE BOY DUG AT THE PLACE HE HAD CHOSEN BUT FOUND NOTHING
cv-valid-dev/sample-001574.mp3,he tried again to concentrate on the pink shades of the desert and its stones,3,0,,,,5.6,HE TRIED AGAIN TO CONCENTRATE ON THE PINK SHADES OF THE DESERT AND ITS STONES
cv-valid-dev/sample-001575.mp3,let me comb your hair,1,0,twenties,male,us,2.1,LET ME COMB YOUR HAIR
cv-valid-dev/sample-001576.mp3,when he's an old man he's going to spend a month in africa,1,0,,,,6.7,WHEN HE'S AN OLD MAN HE'S GOING TO SPEND A MONTH IN AFRICA
cv-valid-dev/sample-001577.mp3,and he knew that egypt was in africa,3,1,,,,3.7,AND HE KNEW THAT EGYPT WAS AN EFRICA
cv-valid-dev/sample-001578.mp3,think i'll go home and see what the family is doing,1,0,thirties,female,us,2.4,THINGOGOHOME AND SEE THE FAMILY IS DURING
cv-valid-dev/sample-001579.mp3,but the boy was quiet,2,0,twenties,male,,3.0,BUT THE BOY WAS QUIET
cv-valid-dev/sample-001580.mp3,that's what i'd like to know,1,0,thirties,male,us,2.7,THAT'S WHAT I'D LIKE TO KNOW
cv-valid-dev/sample-001581.mp3,the boy was shaking with fear but the alchemist helped him out of the tent,1,0,fifties,male,australia,3.2,THE BOY WAS SHAKEN WITH FEAR BUT THE ALCHIMIST HELPED HIM OUT OF THE TENT
cv-valid-dev/sample-001582.mp3,one can imagine these two covered with sand running up the little street in the bright sunlight,3,0,,,,7.9,ONE CAN IMAGINE THESE TWO COVERED WITH SAND RUNNING UP THE LITTLE STREET IN THE BRIGHT SUNLIGHT
cv-valid-dev/sample-001583.mp3,the boy was getting irritated,2,0,,,,3.1,THE BOY WAS GETTING IRRITATED
cv-valid-dev/sample-001584.mp3,he had done this for years and knew the schedule of everyone who passed,1,0,,,,4.1,HE HAD DONE THIS FOR YEARS AND KNEW THE SIDRIL OF EVERYONE WHO PASSED
cv-valid-dev/sample-001585.mp3,tell them it's a case of serious delirium,1,0,,,,2.6,TOWN WAS A CASE OF SERIOUS DILURIUM
cv-valid-dev/sample-001586.mp3,did you bring the christmas wreath,2,1,,,,2.2,DID YOU BRING THE CHRISTMAS READ
cv-valid-dev/sample-001587.mp3,but you were a little girl,1,0,,,,1.7,BUT YOU ARE A LITTLE GIRL
cv-valid-dev/sample-001588.mp3,do you want to go to work for me the merchant asked,2,1,,,,6.0,DO YOU WANT TO WORK FOR ME THE MERCHANT ASKED
cv-valid-dev/sample-001589.mp3,thanks for the story and good luck on your honeymoon,1,0,thirties,male,,3.8,THANKS FOR THE STORY AND GOOD LUCK ON YOUR HONEYMOON
cv-valid-dev/sample-001590.mp3,about three hundred thousand,1,0,thirties,male,,3.3,ABOUT THE THREE HUNDRED THOUSAND
cv-valid-dev/sample-001591.mp3,did you make a speech,1,0,,,,3.1,DID YOU MAKE A SPEECH
cv-valid-dev/sample-001592.mp3,after all he had all his money,1,0,,,,4.0,AFTER ALL HE HAD ALL HIS MONEY
cv-valid-dev/sample-001593.mp3,you'd better start right now,2,1,fourties,male,england,2.9,YOU'D BETTER START RIGHT NOW
cv-valid-dev/sample-001594.mp3,no one can be from many places the boy said,3,0,,,,5.9,NO ONE CAN BE FROM ANY PLACES THE BOY SAID
cv-valid-dev/sample-001595.mp3,he came to understand its dodges and tricks and to accept it as it was,2,0,,,,6.3,HE CAME TO UNDERSTAND ITS DODGES AND TRICKS AND TO ACCEPT IT AS IT WAS
cv-valid-dev/sample-001596.mp3,you're through deciding anything,1,0,fifties,female,australia,2.6,YOU HAVE KILLED YOUR SAGON GAN AT ME
cv-valid-dev/sample-001597.mp3,later we simply let life proceed in its own direction toward its own fate,3,0,,,,6.7,LATER WE SIMPLY LET LIFE PROCEED IN ITS OWN DIRECTION TOWARD ITS OWN FATE
cv-valid-dev/sample-001598.mp3,there was nothing to hold him back except himself,1,0,,,,5.2,THERE WAS NOTHING TO HOLD HIM BACK EXCEPT HIMSELF
cv-valid-dev/sample-001599.mp3,but there were certain of them who took a bit longer to awaken,2,0,fifties,female,england,5.4,BUT THERE WERE CERTAIN OF THEM WHO TOOK A BIT LONGER TO AWAKEN
cv-valid-dev/sample-001600.mp3,give me my robe,1,0,fourties,male,england,2.7,GIVE ME MY ROBE
cv-valid-dev/sample-001601.mp3,i'm afraid the joke's on us,1,0,,,,2.7,I'M AFRAID THE JOKE'S ON US
cv-valid-dev/sample-001602.mp3,i don't want mrs douglas,1,0,,,,3.6,I DON'T  WANT MISSUS DOULAS
cv-valid-dev/sample-001603.mp3,from then on he would make his own decisions,1,0,,,,26.3,FROM THEN ON HE WOULD MAKE HIS OWN DECISIONS
cv-valid-dev/sample-001604.mp3,a practice of infidels he said to himself,2,1,,,,4.0,A PRACTICE OF INFIDELS HE SAID TO HIMSELF
cv-valid-dev/sample-001605.mp3,who else knows about this,3,0,,,,3.5,WHO ELSE KNOWS ABOUT THIS
cv-valid-dev/sample-001606.mp3,who'd you say it was,1,0,fifties,male,england,2.9,WHO DO YOU SAY IT WAS
cv-valid-dev/sample-001607.mp3,i was right there and saw it with my own eyes,2,0,,,,4.1,I WAS RIGHT THERE AND SAW IT WITH MY OWN EYES
cv-valid-dev/sample-001608.mp3,shawty you look jawdropping in that jersey,1,0,twenties,female,philippines,4.2,SHORTY YOU LOOK JOY TROPPING IN THAT CHURSEA
cv-valid-dev/sample-001609.mp3,we're just travelers the alchemist answered,2,0,,,,2.5,WE'RE JUST TRAVEL US THE ALCHEMIST ANSWERED
cv-valid-dev/sample-001610.mp3,elizabeth charles is dead,1,0,twenties,male,,3.5,ELIZABETH CHARLES IS DEAD
cv-valid-dev/sample-001611.mp3,have you any idea what these things cost over here,1,0,thirties,female,us,4.5,HAVE YOU ANY IDEA WHAT THESE THINGS COST OVER HERE
cv-valid-dev/sample-001612.mp3,aiding an escaped criminal,1,0,fifties,male,australia,2.2,AIDING AN ESCAPED CRIMINAL
cv-valid-dev/sample-001613.mp3,and he gave the boy his blessing,4,0,,,,3.1,AND HE GAVE THE BOY HIS BLESSING
cv-valid-dev/sample-001614.mp3,but children always seem to be able to play with them without frightening them,2,0,sixties,male,england,5.6,BUT CHILDREN ALWAYS SEEM TO BE ABLE TO PLAY WITH THEM WITHOUT FRIGHTENING THEM
cv-valid-dev/sample-001615.mp3,it was a pleasant change from talking to his sheep,2,0,,,,4.8,IT WAS A PLEASANT CHANGE FROM TALKING TO HIS SHEEP
cv-valid-dev/sample-001616.mp3,the emerald tablet is a direct passage to the soul of the world,2,0,,,,5.6,THE EMERALD TABLET IS A DIRECT PASSAGE TO THE SOUL OF THE WORLD
cv-valid-dev/sample-001617.mp3,but the boy sat down and waited,2,0,,,,3.2,BUT THE BOY SAT DOWN AND WAITED
cv-valid-dev/sample-001618.mp3,i don't see a thing,1,0,fifties,male,england,2.8,I DON'T SEE A THING
cv-valid-dev/sample-001619.mp3,the caravan would be very lucky to reach the oasis,1,0,,,,4.6,THE CARAVAN WOULD BE VERY LUCKY TO REACH THE OASIS
cv-valid-dev/sample-001620.mp3,it's a code said the boy a bit disappointed,4,0,fourties,male,us,4.5,IT'S A CODE SAID THE BOY A BIT DISAPPOINTED
cv-valid-dev/sample-001621.mp3,hunches his mother used to call them,2,0,,,,3.0,HUNCHES HIS MOTHER USED TO CALL THEM
cv-valid-dev/sample-001622.mp3,i thought about whether we should find coins and models in it and so on,1,0,,,,5.2,A THOUGHT ABOUT WHERE THEY REACH OF FIND CALLIN TO MALDLS DAN AN SO ALONE
cv-valid-dev/sample-001623.mp3,i was impatient to see it opened,3,0,,,,2.7,I WAS IMPATIENT TO SEE IT OPEN
cv-valid-dev/sample-001624.mp3,that first day everyone slept from exhaustion including the englishman,2,0,fourties,female,us,6.0,THAT FIRST DAY EVERYONE SLEPT FROM EXHAUSTION INCLUDING THE ENGLISHMAN
cv-valid-dev/sample-001625.mp3,the infidels had an evil look about them,1,0,thirties,male,us,3.6,THE INFIDELS HAD AN EVIL LOOK ABOUT THEM
cv-valid-dev/sample-001626.mp3,he still had some doubts about the decision he had made,1,0,twenties,male,,4.1,HE STILL HAD SOME DOUBTS ABOUT THE DECISION HE HAD MADE
cv-valid-dev/sample-001627.mp3,of course the two were unable to do anything,3,0,,,,4.2,OF COURSE THE TWO WERE UNABLE TO DO ANYTHING
cv-valid-dev/sample-001628.mp3,the boy had noticed that the englishman was irritable and missed his books,2,0,,,,7.1,THE BOY HAD NOTICED THAT THE ENGLISHMAN WAS IRRITABLE AND MISSED HIS BOOKS
cv-valid-dev/sample-001629.mp3,the boy felt ill and terribly alone,2,0,fourties,female,us,3.4,THE BOY FELT ILL AND TERRIBLY ALONE
cv-valid-dev/sample-001630.mp3,but the boy knew that he was referring to fatima,2,0,fifties,male,england,3.6,BUT THE BOY KNEW THAT HE WAS REFERRING TO FATIMAR
cv-valid-dev/sample-001631.mp3,maybe he'll give us one,3,0,thirties,male,us,2.3,MAYBE HE'LL GIVE US ONE
cv-valid-dev/sample-001632.mp3,the boy offered his bottle hoping that the old man would leave him alone,6,0,,,,7.4,THE BOY OFFERED HIS BOTTLE HOPING THAT THE OLD MAN WOULD LEAVE HIM ALONE
cv-valid-dev/sample-001633.mp3,we owed everybody in town,2,0,,,,2.9,WE OWED EVERYBODY IN TOWN
cv-valid-dev/sample-001634.mp3,what was written on the emerald tablet the boy wanted to know,4,0,twenties,male,england,5.3,WHAT WAS WRITTEN ON THE EMERALD TABLET THE BOY WANTED TO KNOW
cv-valid-dev/sample-001635.mp3,he noticed the unequal cooling of its surface,3,2,,,,3.2,HE NOTICED THE UNEQUAL CALLING OF ITS SURFACE
cv-valid-dev/sample-001636.mp3,who you holding out on,1,0,,,,3.7,WHO YOU HOLTINK ALD ON
cv-valid-dev/sample-001637.mp3,i have been waiting for you here at this oasis for a long time,3,0,,,,5.2,I HAVE BEEN WAITING FOR YOU HERE AT THIS OASIS FOR A LONG TIME
cv-valid-dev/sample-001638.mp3,my freezer contains enough for a banquet,1,0,thirties,male,australia,3.6,MY FRIEZE CONTAINS ENOUGH FOR A BANQUET
cv-valid-dev/sample-001639.mp3,who are you he heard a voice ask him in spanish,3,0,twenties,male,indian,5.3,WHO ARE YOU HE HEARD A VOICE ASK HIM IN SPANISH
cv-valid-dev/sample-001640.mp3,it turned out to be a bitter tea,1,0,,,,2.9,IT TURN OUT TO BE A BITTER TEA
cv-valid-dev/sample-001641.mp3,they didn't have the printing press in those days the boy argued,3,0,thirties,male,indian,5.4,THEY DIDN'T HAVE A PRINTING PLASS IN THOSE DAYS THE BOY ARGUED
cv-valid-dev/sample-001642.mp3,it was no more exciting than an overturned carriage or a tree blown across the road,14,1,,,,15.3,IT WAS NO MORE EXCITING THAN AN OVERTURNED CARRIAGE OR A TREE BOWN ACROSS THE ROAD
cv-valid-dev/sample-001643.mp3,the woman said she had never heard of such a person and hurried away,2,0,,,,6.6,THE WOMAN SAID SHE HAD NEVER HEARD OF SUCH A PERSON AND HURRIED AWAY
cv-valid-dev/sample-001644.mp3,i used to look at those women and envy them their happiness,1,0,,,,4.4,I USED TO LOOK AT THOSE WOMEN AND ENVY THEM THEIR HAPPINESS
cv-valid-dev/sample-001645.mp3,i still can't understand it though,1,0,,,,4.4,I STILL CAN'T UNDERSTAND IT THOUGH
cv-valid-dev/sample-001646.mp3,besides that there was a heap of bicycles,38,1,,,,4.0,BESIDES THAT THERE WAS A HEAP OF BICYCLES
cv-valid-dev/sample-001647.mp3,we can't leave greg here,1,0,,,,2.6,WE CAN'T LEAVE GRACK HERE
cv-valid-dev/sample-001648.mp3,and you can meet us at the station,2,0,,,,3.0,AND YOU CAN MEET US AT THE STATION
cv-valid-dev/sample-001649.mp3,it said that the darkest hour of the night came just before the dawn,3,0,,,,6.5,IT SAID THAT THE DARKEST HOUR OF THE NIGHT CAME JUST BEFORE THE DAWN
cv-valid-dev/sample-001650.mp3,how long is it,2,0,twenties,male,england,1.8,HOW LONG IS IT
cv-valid-dev/sample-001651.mp3,how many times are you gonna call me,1,0,fifties,female,australia,4.4,HOW MANY TIMES DEY WON A CALM
cv-valid-dev/sample-001652.mp3,i do the best i can to help,1,0,,,,4.4,I DO THE BEST I CAN TO HELP
cv-valid-dev/sample-001653.mp3,jennifer is making the nine o'clock train,1,0,,,,4.1,JANIPA'S MAKING OF THE NINE O'CLOCK TRAIN
cv-valid-dev/sample-001654.mp3,he transformed himself into a stone that rolled up to the miner's foot,1,0,,,,4.9,HE TRANSFORMED HIMSELF INTO A STONE THAT ROLLED UP TO THE MINOR'S FOO
cv-valid-dev/sample-001655.mp3,what are you doing here,2,0,,,,2.8,WHAT ARE YOU DOING HERE
cv-valid-dev/sample-001656.mp3,he decided to stay right there and await his return,2,0,twenties,female,australia,3.3,HE DECIDED TO STAY RIGHT THERE AND AWAIT HIS RETURN
cv-valid-dev/sample-001657.mp3,i was wondering if you could tell me a bit more about what it's like to live and work there,1,0,,,,7.3,I WAS WONDERING IF YOU COULD TELL ME A BIT MORE ABOUT WHAT IT'S LIKE TO LIVE AND WORK THERE
cv-valid-dev/sample-001658.mp3,your luck's not with you now,1,0,,,,2.5,YOUR LUCK'S NOT WITH YOU NOW
cv-valid-dev/sample-001659.mp3,that's a good idea,1,0,sixties,male,england,1.9,THAT'S GOOD LANDY
cv-valid-dev/sample-001660.mp3,it was seen early in the morning rushing over eastward,3,2,,,,5.4,IT WAS SEEN YEARLY IN THE MORNING RUSHING OVER EASTWARD
cv-valid-dev/sample-001661.mp3,an huge hole had been made by the impact of the projectile,4,0,,,,5.0,AN HUGE HOLE HAD BEEN MADE BY THE IMPACT OF THE PROJECTILE
cv-valid-dev/sample-001662.mp3,you get out of here quick,1,0,thirties,male,scotland,1.9,YOU GET OUT AHEAD QUICK
cv-valid-dev/sample-001663.mp3,but it's just something i forgot to pack,1,0,,,,2.3,BUT IT'S JUST SOMETHING I FORGOT TO PACK
cv-valid-dev/sample-001664.mp3,as the englishman left fatima arrived and filled her vessel with water,1,0,,,,5.7,AS THE ENGLISHMAN LEFT FATAMER ARRIVED AND FILLED HER VESSEL WITH WATER
cv-valid-dev/sample-001665.mp3,it was dropping off in flakes and raining down on the sand,3,0,thirties,male,us,4.5,IT WAS DROPPING OFF IN FLAKES AND RAINING DOWN ON THE SAND
cv-valid-dev/sample-001666.mp3,these are the spies said one of the men,1,0,,,,5.2,THESE HAVE DISPLACED I SOD ON THE MINEN
cv-valid-dev/sample-001667.mp3,you should see the other guy specifically how good at fighting he is,3,0,,,,4.7,YOU SHOULD SEE THE ILIGI SPECIFICALLY HOW GOOD A FIGHTING HE IS
cv-valid-dev/sample-001668.mp3,his name was joseph,3,0,,,,2.6,HIS NAME WAS JOSEPH
cv-valid-dev/sample-001669.mp3,'everyone loved them and enjoyed them,3,0,,,,4.9,EVERY ONE LOVED THEM AND ENJOYED THEM
cv-valid-dev/sample-001670.mp3,do you know what you're going to do,1,0,,,,2.6,DO YOU KNOW WHAT YOU'RE GOING TO DO
cv-valid-dev/sample-001671.mp3,'m all about those invisible cosmic connections that transcend time and distance,3,0,,,,6.8,IAM ALL ABOUT THOSE INVISIBLE COSMIC CONNECTIONS THAT TRANSCEND TIME AND DISTANCE
cv-valid-dev/sample-001672.mp3,the thought was so dreadful to him that he forgot about the heat and went forward,2,0,,,,4.6,THE THOUGHT WAS SO DREADFUL TO HIM THAT HE FORGOT ABOUT THE HEAT AND WENT FORWARD
cv-valid-dev/sample-001673.mp3,the engines roared as the rocket lifted its precious cargo up into the atmosphere,1,0,thirties,male,us,7.5,THE ENGINES ROARED AS THE ROCKET LIFTED ITS PRECIOUS CARGO UP INTO THE ATMOSPHERE
cv-valid-dev/sample-001674.mp3,that's the magic of omens said the boy,3,0,,,,2.7,THAT'S THE MAGIC OF OMEN SAID THE BOY
cv-valid-dev/sample-001675.mp3,down below in the darkness were hundreds of people sleeping in peace,3,0,twenties,male,us,3.7,DOWN BELOW IN THE DARKNESS WERE HUNDREDS OF PEOPLE SLEEPING IN PEACE
cv-valid-dev/sample-001676.mp3,but none of that mattered to the alchemist,2,0,,,,4.0,BUT NONE OF THAT MATTERED TO THE ALCHYMIST
cv-valid-dev/sample-001677.mp3,my agreement with you gentlemen stands,1,0,,,,3.7,MY AGREEMENT WITH YOU GENTLEMENSTANS
cv-valid-dev/sample-001678.mp3,nice of you to come down,1,0,,,,8.5,NICE OF YOU TO COME DOWN
cv-valid-dev/sample-001679.mp3,the old man returned the book to the boy,1,0,twenties,other,ireland,3.0,THE OLD MAN RETURNED THE BOOK TO THE BOY
cv-valid-dev/sample-001680.mp3,the two men hurried back and found the cylinder still lying in the same position,14,0,,,,4.9,THE TWO MEN HARIDBAK AND FOUND THE CYNINDER STILL LYING IN THE SAME POSITION
cv-valid-dev/sample-001681.mp3,he remembered the sword,4,0,,,,3.3,HE REMEMBERED THE SOLLOWO
cv-valid-dev/sample-001682.mp3,and so do i,1,0,teens,male,england,1.7,AND SO DO I
cv-valid-dev/sample-001683.mp3,revenge is not my style but obviously accidents will happen,1,0,,,,5.3,REVENGE IS NOT MY STYLE BUT OBVIOUSLY ACCIDENT WILL HAPPEN
cv-valid-dev/sample-001684.mp3,strange images passed through my mind,2,0,twenties,male,us,4.3,STRANGE IMAGES PASSED THROUGH MY MIND
cv-valid-dev/sample-001685.mp3,you don't think i'm gonna tell,1,0,,,,5.4,YOU DON'T THINK I'M IN TO TELL
cv-valid-dev/sample-001686.mp3,no the alchemist answered,7,1,,,,3.0,NONE THE OCUMIST ANSWERED
cv-valid-dev/sample-001687.mp3,but he granted the travelers three days,2,0,,,,3.7,BUT HE GROUNTED THE TRAVELLERS THREE DAYS
cv-valid-dev/sample-001688.mp3,you get somebody else to wash the diapers,3,0,,,,3.1,YOU GET SOMEBODY ELSE TO WASH THE DIPERS
cv-valid-dev/sample-001689.mp3,the time must have been somewhere around six o'clock,3,0,,,,3.8,THE TIME MUST HAVE BEEN SOMEWHERE AROUND SIX O'CLOCK
cv-valid-dev/sample-001690.mp3,you're the only one left,1,0,twenties,male,,2.3,YOU ARE THE ONLY ONE LEFT
cv-valid-dev/sample-001691.mp3,the englishman asked if they were in danger,1,0,twenties,male,us,2.9,THE ENGLISHMEN ASKED IF THEY WERE IN ANY DANGER
cv-valid-dev/sample-001692.mp3,i pointed out mars a bright dot of light,2,0,,,,4.4,I POINTED OUT MARS A BRIGHT DOT OF LIGHT
cv-valid-dev/sample-001693.mp3,the alchemist stopped abruptly and bent to the ground,8,0,,,,5.3,THE ALCHEMIST STOPPED ABRUPTLY AND BENT TO THE GROUND
cv-valid-dev/sample-001694.mp3,what a wonderful weather,1,0,sixties,male,england,2.9,WHAT A WONDERFUL WEATHER
cv-valid-dev/sample-001695.mp3,how do you stop this thing,3,0,thirties,male,england,2.5,HOW DO YOU STOP THIS THING
cv-valid-dev/sample-001696.mp3,the ladder of the fire truck was not long enough,1,0,,,,2.8,THE LATTER OF THE FOX RIGHT WITHOUT LOOK AT
cv-valid-dev/sample-001697.mp3,i think they perceived that nothing was to be done at the moment,3,0,,,,4.1,I THINK THEY PERCEIVED THAT NOTHING WAS TO BE DONE AT THE MOMENT
cv-valid-dev/sample-001698.mp3,everything you need to know you have learned through your journey,3,0,,,,8.7,EVERYTHING YOU NEED TO KNOW YOU HAVE LEARNED THROUGH A JOURNEY
cv-valid-dev/sample-001699.mp3,the alchemists spent years in their laboratories observing the fire that purified the metals,2,0,fourties,female,us,6.0,THE ALCHEMISTS SPENT YEARS IN THEIR LABORATORIES OBSERVING THE FIRE THAT PURIFIED THE METALS
cv-valid-dev/sample-001700.mp3,the problem is that they don't even realize that they're walking a new road every day,3,0,,,,4.5,THE PROBLEM IS THAT THEY DON'T EVEN REALIZE THAT THEY'RE WALKING A NEW ROAD EVERY DAY
cv-valid-dev/sample-001701.mp3,he condemned the commander to death without honor,1,0,,,,3.9,HE CONDEMNED THE COMMANDER TO DEATH WITHOUT HONOR
cv-valid-dev/sample-001702.mp3,at the first glance it was really not very exciting,2,1,,,,6.0,AT THE FIRST GLANCE IT WAS REALLY NOT VERY EXCITING
cv-valid-dev/sample-001703.mp3,what should we give him,1,0,,,,2.5,WHAT SHOULD WE GIVE HIM
cv-valid-dev/sample-001704.mp3,but they were not there,4,1,,,,3.6,BUT THEY WERE NOT THERE
cv-valid-dev/sample-001705.mp3,then i don't get paid,2,1,fifties,female,us,1.9,THEN I DON'T GET PAY
cv-valid-dev/sample-001706.mp3,forget it there is no such thing,1,0,,,,3.2,FORGET IT THERE'S NO SUCH THING
cv-valid-dev/sample-001707.mp3,the young arab took out a book and began to read,4,0,,,,6.1,THE YOUNG ARAB TOOK OUT A BOOK AND BEGAN TO READ
cv-valid-dev/sample-001708.mp3,she told me she feels hopeful and optimistic,1,0,,,,3.7,SHE TOLD ME SHE FEELS HOPEFUL AND OPTIMISTIC
cv-valid-dev/sample-001709.mp3,licorice is a black chewy food,3,0,thirties,male,us,3.5,LICARISH IS A BLACK CHEWY FOOD
cv-valid-dev/sample-001710.mp3,but he had to move on,2,0,sixties,female,australia,2.2,BUT HE HAD TO MOVE ON
cv-valid-dev/sample-001711.mp3,i was impatient to see it opened,6,0,fifties,male,us,4.0,I WAS IMPATIENT TO SEE IT OPEN
cv-valid-dev/sample-001712.mp3,the dead soldiers were replaced by others and life went on,2,0,twenties,male,us,4.7,THE DEAD SOLDIERS WERE REPLACED BY OTHERS AND LIFE WENT ON
cv-valid-dev/sample-001713.mp3,it's gonna put our city on the map,2,0,thirties,male,england,2.2,IT'SGIN A PADASITY ON THE MAP
cv-valid-dev/sample-001714.mp3,christopher was confused,3,0,,,,1.5,CHRISTOPHER WAS CONFUSED
cv-valid-dev/sample-001715.mp3,well i'd like to see their land and see how they live said his son,3,0,,,,5.0,WELL I'D LIKE TO SEE THEIR LAND AND SEE HOW THEY LIVE SAID HIS SON
cv-valid-dev/sample-001716.mp3,he moved about invisible but everyone could hear him,4,0,,,,6.3,HE MOVED ABOUT INVISIBLE BUT EVERY ONE COULD HEAR HIM
cv-valid-dev/sample-001717.mp3,you had me worried,1,0,,,,7.8,YOU HAD ME WORRIED
cv-valid-dev/sample-001718.mp3,why didn't you tell me,1,0,,,,1.9,WHY DIDN'T YOU TELL ME
cv-valid-dev/sample-001719.mp3,use the export command to set environment variables,1,0,twenties,male,,4.1,USE THE EXPORT COMMAND TO SET ENVIRONMENT VARIABLES
cv-valid-dev/sample-001720.mp3,the boy's name was santiago,2,0,twenties,male,us,3.7,THE BOY'S NAME WAS SANTIAGO
cv-valid-dev/sample-001721.mp3,this is for you,1,0,twenties,female,us,2.2,THIS IS FOR YOU
cv-valid-dev/sample-001722.mp3,there's the professor now,2,0,twenties,male,indian,2.4,THERE'S THE PROFESSOR NOW
cv-valid-dev/sample-001723.mp3,you dominated those horsemen with the way you looked at them he said,2,0,fourties,male,england,6.0,YOU DOMINATED THOSE HORSEMEN WITH THE WAY YOU LOOKED AT THEM HE SAID
cv-valid-dev/sample-001724.mp3,the omens had told him so,3,0,teens,male,us,2.5,THE OMENS HAD TOLD HIM SO
cv-valid-dev/sample-001725.mp3,the top had certainly ceased to rotate,4,1,,,,4.8,THE TOP HAD CERTAINLY CEASED TO ROTATE
cv-valid-dev/sample-001726.mp3,we must stay hidden,1,0,fourties,female,canada,2.0,WE MUST STAY HIDDEN
cv-valid-dev/sample-001727.mp3,every search begins with beginner's luck,2,0,,,,2.6,EVERY SEARCH BEGINS WITH BEGINNER'S LUCK
cv-valid-dev/sample-001728.mp3,how'd you happen to fall in,1,0,thirties,male,us,2.7,HOW'D YOU HAPPEN TO FALL IN
cv-valid-dev/sample-001729.mp3,now i'm beginning what i could have started ten years ago,4,0,twenties,male,indian,5.6,NOW I'M BEGINNING WHAT I COULD HAVE STARTED TEN YEARS AGO
cv-valid-dev/sample-001730.mp3,if you start your emails with greetings let me be the first to welcome you to earth,3,0,fourties,male,england,5.1,IF YOU START YOUR EMALES WITH GREETINGS LET ME BE THE FIRST TO WELCOME YOU TO EARTH
cv-valid-dev/sample-001731.mp3,if i could i'd write a huge encyclopedia just about the words luck and coincidence,3,0,teens,female,australia,6.5,IF I COULD I'D WRITE A HUGE ENCYCLOPADIA JUST ABOUT THE WORDS LUCK AND COINCIDENCE
cv-valid-dev/sample-001732.mp3,when he reached the top of the dune his heart leapt,3,0,,,,4.4,WHEN HE REACHED THE TOP OF THE DONE HIS HEART LEAPT
cv-valid-dev/sample-001733.mp3,there were lights in the upper windows of the houses when the people went to bed,1,0,twenties,female,us,4.2,THERE WERE LIGHTS IN THE UPPER WINDOWS OF THE HOUSES WHEN THE PEOPLE WENT TO BED
cv-valid-dev/sample-001734.mp3,the first rule of don't fight club is let's talk about it,4,0,,,,4.0,THE FIRST RULE OF DON'T FIGHT CLUB IS LET'S TALK ABOUT IT
cv-valid-dev/sample-001735.mp3,first he had studied esperanto then the world's religions and now it was alchemy,2,0,,,,7.6,FIRST HE HAD STUDIED ESPIRANTO THEN THE WORLD'S RELIGIONS AND NOW IT WAS ALCHEMY
cv-valid-dev/sample-001736.mp3,they both spoke the same language,3,0,,,,3.9,THEY BOTH SPOKE THE SAME LANGUAGE
cv-valid-dev/sample-001737.mp3,at the first glance it was really not very exciting,1,0,,,,4.2,AT THE FIRST GLANCE IT WAS REALLY NOT VERY EXCITING
cv-valid-dev/sample-001738.mp3,then suddenly he noticed it with a start,1,0,twenties,male,us,2.5,THEN SUDDENLY HE NOTICED IT WITH A START
cv-valid-dev/sample-001739.mp3,in spite of this i still believed that there were men in mars,3,0,,,,8.7,IN SPITE OF THIS I STILL BELIEVED THAT THERE WERE MEN IN MARS
cv-valid-dev/sample-001740.mp3,so when i look out over your sands i am also looking at her,2,0,,,,5.7,SO WHEN I LOOK OVER YOUR SANDS I'M ALSO LOOKING AT HER
cv-valid-dev/sample-001741.mp3,it's still sopping wet,3,0,sixties,male,england,2.7,IT'S STILL SOPPING WET
cv-valid-dev/sample-001742.mp3,he said that everything has its own destiny,3,0,,,,3.9,HE SAID THAT EVERYTHING AS IS ON DESTINY
cv-valid-dev/sample-001743.mp3,a large piece suddenly came off and fell with a loud and sharp noise,6,0,,,,7.4,A LARGE PEA SUDDENLY CAME OFF AND FELL WITH A LOUD AND SHARP NOISE
cv-valid-dev/sample-001744.mp3,and that he a boy could perform miracles,1,0,,,,5.2,AND THAT HE A BOY COULD PERFORM MIRACLES
cv-valid-dev/sample-001745.mp3,something older than humanity more ancient than the desert,1,0,,,,6.3,SOMETHING OLDER THAN HUMANITY MORE ANCIENT THAN THE DESERT
cv-valid-dev/sample-001746.mp3,my seven year resume gap is marked not drugs,3,0,fifties,female,us,3.1,MY SEVEN YEAR RESIMA GAP IS MARKED NOT DRUGS
cv-valid-dev/sample-001747.mp3,trust in your heart but never forget that you're in the desert,3,0,,,,6.1,THRUST IN YOUR HEART BUT NEVER FORGET THAT YOU ARE IN THE DESERT
cv-valid-dev/sample-001748.mp3,you will get donuts as a bonus if you take a selfie with me,1,0,twenties,male,,4.9,YE WILL GET DONUTS AS A BONUS IF YOU TAKE A SELPHY WITH ME
cv-valid-dev/sample-001749.mp3,and in that way the months passed,1,0,,,,4.8,AND IN THAT WAY THE MONTHS PASSED
cv-valid-dev/sample-001750.mp3,how long since we've seen each other,1,0,twenties,male,us,2.7,HOW LONG SINCE WE'VE SEEN EACH OTHER
cv-valid-dev/sample-001751.mp3,from here on you will be alone the alchemist said,5,0,,,,4.3,FROM HERON YOU WILL BE ALONE THE ALCHEMIST SAID
cv-valid-dev/sample-001752.mp3,they were suffering from hunger,1,0,,,,4.9,THEY WERE SUFFERING FROM HUNGER
cv-valid-dev/sample-001753.mp3,you're my daughter and i love you,1,0,,,,2.7,YOU'RE MY DAUGHTER AND I LOVE YOU
cv-valid-dev/sample-001754.mp3,now i will drift gently off to dreamland,1,0,twenties,male,indian,3.9,NOW I WILL DRIFT GENTLY OFF TO DREAMLAND
cv-valid-dev/sample-001755.mp3,i wish they were rabbits,1,0,fifties,female,,2.7,I WISH THEY WERE RABBINS
cv-valid-dev/sample-001756.mp3,he fell asleep and when he awoke the sun was already high,1,0,,,,3.6,HE FELL ASLEEP AND WHEN HE AWOKE THE SUN WAS ALREADY HIGH
cv-valid-dev/sample-001757.mp3,then came the night of the first falling star,1,0,,,,4.5,THEN CAME THE NIGHT OF THE FIRST FALLING STAR
cv-valid-dev/sample-001758.mp3,i have already described the appearance of that colossal bulk which was embedded in the ground,2,0,fourties,male,england,6.4,I HAVE ALREADY DESCRIBED THE APPEARANCE OF THAT COLOSSAL BULK WHICH WAS EMBEDDED IN THE GROUD
cv-valid-dev/sample-001759.mp3,you have to cross the entire sahara desert said the young man,3,0,twenties,female,us,5.2,YOU HAVE TO CROSS THE ENTIRE SAHARA DESERT SAID THE YOUNG MAN
cv-valid-dev/sample-001760.mp3,the fine manufacturing company was a bookkeeper for fourteen years,2,0,,,,7.4,THE FINE MANUFACTURING COMPANY WAS A BOOKKEEPER FOR FOURTEEN YEARS
cv-valid-dev/sample-001761.mp3,its lower end was still embedded,6,1,,,,3.9,ITS LOWER END WAS STILL EMBEDDED
cv-valid-dev/sample-001762.mp3,they're just a pile of stones,2,0,,,,2.9,THEYR JUST A PILE OF STONES
cv-valid-dev/sample-001763.mp3,there are so many things to learn,1,0,,,,2.6,THERE ARE SO MANY THINGS TO LEAR
cv-valid-dev/sample-001764.mp3,how do you like her,1,0,,,,3.2,HOW DO YOU LIKE HER
cv-valid-dev/sample-001765.mp3,looking through the telescope i saw a circle of deep blue and the little round planet,8,0,teens,male,,5.6,LOOKING THROUGH THE TELESCOPE I SAW A CIRCLE OF DEEP BLUE AND A LITTLE ROUND PLANETS
cv-valid-dev/sample-001766.mp3,the men of the desert were already familiar with that wind,3,0,sixties,female,england,4.1,THE MEN OF THE DESERT WERE ALREADY FAMILIAR WITH THAT WIND
cv-valid-dev/sample-001767.mp3,i could have helped her,2,0,,,,1.9,I COULD HAVE HELPED HER
cv-valid-dev/sample-001768.mp3,i make my living forecasting the future for people he said,3,0,,,,7.2,I MAKE MY LIVING FORECASTING THE FUTURE FOR PEOPLE HE SAID
cv-valid-dev/sample-001769.mp3,mind if i sit down,1,0,fourties,male,england,3.5,MINE OF HETS IT DOWN
cv-valid-dev/sample-001770.mp3,it was something that i thought could happen only to others never to me,3,0,,,,7.7,IT WAS SOMETHING THAT I THOUGHT COULD HAPPEN ONLY TO OTHERS NEVER TO ME
cv-valid-dev/sample-001771.mp3,something's the matter with daddy,2,0,fourties,female,us,2.7,SOMETHING'S THE MATTER WITH DADDY
cv-valid-dev/sample-001772.mp3,i know what it's going to be like,1,0,teens,female,england,3.5,I KNOW WHAT IT'S GOING TO BE LIKE
cv-valid-dev/sample-001773.mp3,i had the everyone has gary busey's teeth dream again,1,0,,,,8.8,WHY HID THE EVERY ONE HIS GARY BUSBY'S TEETH DREAM AGAIN
cv-valid-dev/sample-001774.mp3,if i'm on the march i just concentrate on marching,2,0,,,,4.9,IF I AM ON THE MARCH I JUST CONCENTRATE ON MARCHING
cv-valid-dev/sample-001775.mp3,there's no danger the boy said when they had moved on past the encampment,3,0,,,,4.6,THERE'S NO DANGER THE BOYS SAID WHEN THEY HAD MOVED ON PAST THE ENCAMPMENT
cv-valid-dev/sample-001776.mp3,we'll have to satisfy them,1,0,,,,3.1,WE'LL HAVE TO SATISFY THEM
cv-valid-dev/sample-001777.mp3,what are you doing here,2,0,,,,2.5,WHAT ARE YOU DOING HERE
cv-valid-dev/sample-001778.mp3,he still had some doubts about the decision he had made,1,0,,,,3.6,HE STILL HAD SOME DOUBTS ABOUT THE DECISIONS HE HAD MADE
cv-valid-dev/sample-001779.mp3,give me my robe,1,0,teens,male,,2.2,GIVE ME MY ROBE
cv-valid-dev/sample-001780.mp3,he transformed himself into a stone that rolled up to the miner's foot,3,0,,,,6.4,HE TRANSFORMED HIMSELF INTO A STONE THAT ROLLED UP TO THE MINER'S FOOT
cv-valid-dev/sample-001781.mp3,then it became a signal of danger,3,0,fourties,male,australia,2.8,THEN IT BECAME A SIGNAL OF DANGER
cv-valid-dev/sample-001782.mp3,looking at the sun he calculated that he would reach tarifa before midday,2,0,,,,8.2,LOOKING AT THE SUN HE CALCULATED THAT HE WOULD REACH TARIFA BEFORE MIDDAY
cv-valid-dev/sample-001783.mp3,you know i'd tell you if i had it,1,0,twenties,male,england,2.0,YOU KNOW I'D TELL YOU IF I HAD IT
cv-valid-dev/sample-001784.mp3,the night was warm and i was thirsty,4,0,,,,3.8,THE NIGHT WAS WARM AND IY WAS THIRSTY
cv-valid-dev/sample-001785.mp3,they have their eyes glued on his face,1,0,thirties,male,canada,2.7,THEY HAV THEIR EYES GLUED ON HIS FACE
cv-valid-dev/sample-001786.mp3,when i had my sheep i was happy and i made those around me happy,1,0,,,us,5.0,WHEN I HAD MY SHEEP I WAS HAPPY AND I MADE THOSE AROUND ME HAPPY
cv-valid-dev/sample-001787.mp3,it was starlight and i explained the signs of the zodiac to her,2,1,,,,4.9,IT WAS STARLIKE AND I EXPLAINE THE SCENES OF THE SAUDIAC TO HER
cv-valid-dev/sample-001788.mp3,you don't have to be rich skinny popular or even own a cape to perform a random act of kindness,2,1,,,,6.9,YOU DON'T HAVE TO BE RICH SKINNY POPULAR OR EVEN OWN AK TO PERFORM A RENAN AC OF PINDNESS
cv-valid-dev/sample-001789.mp3,if only we could see it,1,0,fifties,female,us,2.8,IF ONLY WE COULD SEE IT
cv-valid-dev/sample-001790.mp3,and the solid part was called the philosopher's stone,1,0,teens,male,newzealand,3.1,AND THE SOLID PART WAS CALLED A PHILOSOPHER'S STONE
cv-valid-dev/sample-001791.mp3,dont share your opinions so readily because you never know who is listening,2,0,twenties,male,indian,4.7,DON'T SHARE YOUR OPINIONS SO READILY BECAUSE YOU NEVER KNOW WHO IS LISTENING
cv-valid-dev/sample-001792.mp3,you should have seen the commotion in that locker room,5,0,,,,4.1,YOU SHOULD HAVE SEEN A COMMOTION IN THAT LOCKER ROOM
cv-valid-dev/sample-001793.mp3,the camel drivers exchanged information about windstorms and told stories about the desert,1,0,,,,5.3,THE CAMEL DRIVERS EXCHANGED INFORMATION ABOUT WINDSTORMS AND TOLD STORIES ABOUT THE DESERT
cv-valid-dev/sample-001794.mp3,how could he be a fake,1,0,,,,3.5,HOW COULD HE BE A FAKE
cv-valid-dev/sample-001795.mp3,i had seen all that it would presently bring me,3,0,fourties,male,us,3.4,I HAD SEEN ALL THAT IT WOULD PRESENTLY BRING ME
cv-valid-dev/sample-001796.mp3,and seizing the boy's bag the alchemist gave the gold coins to the chief,2,0,,,,6.1,AND SEIZING THE BOY'S BAG THE ALCHEMIST GAVE THE GOLD COINS TO THE CHIEF
cv-valid-dev/sample-001797.mp3,the time must have been somewhere around six o'clock,7,0,,,,3.6,THE TIME MUST HAVE BEEN SOMEWHERE AROUND SIX O'CLOCK
cv-valid-dev/sample-001798.mp3,i am here the boy said,1,0,,,,3.5,I AM HERE ANTHE BOY SAID
cv-valid-dev/sample-001799.mp3,it was dropping off in flakes and raining down on the sand,4,0,twenties,female,england,3.1,IT WAS DROPPING OFF IN FLAKES AND RAINING DOWN ON THE SA
cv-valid-dev/sample-001800.mp3,i thought about whether we should find coins and models in it and so on,1,0,,,,5.0,I THOUGHT ABOUT WHETHER WE SHOULD FIND COINS AND MODELS IN IT AND SO ON
cv-valid-dev/sample-001801.mp3,golf stands for the letter g in the nato phonetic alphabet,1,0,fifties,female,indian,5.9,GAULS STAND FOR THE LETTER G IN THE NATO PONETIC ALPHABE
cv-valid-dev/sample-001802.mp3,my review of the sun one star,3,0,,,,3.0,MAIVIOF THE SUN ONE STAL
cv-valid-dev/sample-001803.mp3,he walked slowly through the market,4,0,fifties,male,canada,2.7,HE WALKED SLOWLY THROUGH THE MARKET
cv-valid-dev/sample-001804.mp3,what are you doing around here,2,0,twenties,male,,2.3,WHAT ARE YOU DOING AROUND HERE
cv-valid-dev/sample-001805.mp3,i told you that your dream was a difficult one,3,0,,,,3.5,I TOLD YOU THAT YOUR DREAM WAS A DIFFICULT ONE
cv-valid-dev/sample-001806.mp3,but the englishman was exultant,2,0,,,,3.0,BUT THE ENGLISHMAN WAS EXULTANT
cv-valid-dev/sample-001807.mp3,then she took both of his hands in hers and began quietly to pray,1,0,fourties,male,england,6.0,THEN SHE TOOK BOTH OF HIS HANDS IN HORRORS AND BEGAN QUIETLY TO PRAY
cv-valid-dev/sample-001808.mp3,it was rising slowly and painfully out of the cylinder,1,0,thirties,female,us,3.9,IT WAS RISING SLOWLY AND PAINFULLY OUT OF THE CYLINDER
cv-valid-dev/sample-001809.mp3,the dead soldiers were replaced by others and life went on,15,0,thirties,male,indian,7.3,THE DEAD SOLDIERS WERE REPLACED BY OTHERS AND LIFE WENT ON
cv-valid-dev/sample-001810.mp3,the caravan moved toward the east,1,0,,,,3.3,THE CARAVAN MOVED TOWARD THE EAST
cv-valid-dev/sample-001811.mp3,love is the force that transforms and improves the soul of the world,2,1,thirties,female,us,6.1,LOVE IS THE FORCE THAT TRANSFORMS AND IMPROVES THE SOUL OF THE WORLD
cv-valid-dev/sample-001812.mp3,hires two personal trainers and make one of them train the other one,4,0,,,,5.4,HIRE SUPERSONAL TRAINERS AND MAKE ONE OF THEM TRAIN THE OTHER ONE
cv-valid-dev/sample-001813.mp3,we don't know what's in the confounded thing do you,3,0,fifties,female,us,3.9,WE DON'T KNOW WHAT'S IN THE CONFOUNDED THING DO YOU
cv-valid-dev/sample-001814.mp3,don't ask me why i don't know why,1,0,,,,3.6,DON'T ASK ME WHY I DON'T KNOW WHY
cv-valid-dev/sample-001815.mp3,he needs three days answered the alchemist,4,2,,,,3.9,HE NEEDS THREE DAYS ANSWERED THE ALCHYMIST
cv-valid-dev/sample-001816.mp3,as nice as blake's,1,0,,,,2.7,AS NICE AS BLAKES
cv-valid-dev/sample-001817.mp3,one afternoon one of his servants fell ill and it appeared that he would die,3,0,,,,5.3,ONE AFTER ONE OF HIS SAWINS FELL ER AND EDIPED THAT HED DEAD
cv-valid-dev/sample-001818.mp3,two days ago you said that i had never dreamed of travel the merchant answered,2,0,,,,4.6,TWO DAYS AGO YOU SAID THAT I HAD NEVER DREAMED OF TRAVEL THE MERCHANT ANSWERS
cv-valid-dev/sample-001819.mp3,and yet none of these people has ever met the old king,1,0,fifties,male,scotland,3.6,AND YET NONE OF THESE PEOPLE HAS EVER MET THE OLD KING
cv-valid-dev/sample-001820.mp3,i just know that the tradition is always right,1,0,twenties,male,canada,3.5,I JUST KNOW THAT THE TRADITION IS ALWAYS RIGHT
cv-valid-dev/sample-001821.mp3,you already know about alchemy,2,1,,,,3.5,YOU ALREADY KNOW ABOUT AGEMI
cv-valid-dev/sample-001822.mp3,my tax dollars pay for those public school proms,1,0,,,,3.6,MY TAX DOLLARS PAY FOR THOSE PUBLIC SCHOOL PROMS
cv-valid-dev/sample-001823.mp3,he was planning as he left the bar,2,0,,,,4.1,HE WAS PLANNING AS HE LEFT THE BAR
cv-valid-dev/sample-001824.mp3,the first rule of don't fight club is let's talk about it,2,0,twenties,male,us,3.4,THE FURS LOF DON'T FIGHT CLUB IS LET SULK ABOUT IT
cv-valid-dev/sample-001825.mp3,what did you do with her,2,0,twenties,male,,1.5,WHAT DID HE DO WITH HER
cv-valid-dev/sample-001826.mp3,almost everyone here speaks spanish,1,0,fourties,male,us,3.9,ALMOST EVERY ONE HERE SPEAK SPANISH
cv-valid-dev/sample-001827.mp3,the child soaked up information like a sponge,1,0,thirties,male,southatlandtic,5.0,THE CHILD SOAKED UP IN FORMATION LIKAS PONGE
cv-valid-dev/sample-001828.mp3,ii was terribly worried,1,0,,,,2.6,I I WAS TERRIBLY WORRIED
cv-valid-dev/sample-001829.mp3,the area was swirling in dust so intense that it hid the moon from view,1,0,fifties,male,scotland,4.6,THE ADIA WAS SWIRLING IN DUST SO ENTANCED THAT IT HID THE MEN FROM VIEW
cv-valid-dev/sample-001830.mp3,storm increasing over the rockies,1,0,twenties,male,us,2.4,STORM INCREASING OVER THE ROCKIES
cv-valid-dev/sample-001831.mp3,people from all over the world have passed through this village son said his father,2,0,,,,6.2,PEOPLE FROM ALL OVER THE WORLD HAVE PASSED THROUGH THIS VILLAGE SON SAID HIS FATHER
cv-valid-dev/sample-001832.mp3,it had a diameter of about thirty yards,7,0,,,,4.1,IT HAD A DIAMETER OF ABOUT THIRTY YARDS
cv-valid-dev/sample-001833.mp3,no doubt the impact had caused a flash of fire,4,0,,,,4.3,NO DOUBT THE IMPACT HAD CAUSED A FLASH OF FIRE
cv-valid-dev/sample-001834.mp3,he stood irresolute for a moment and then scrambled out of the pit,3,1,,,,7.4,HE STOOD IRRESOLUTE BOUGHT A MOMENT AND THEN SCRAMBLED OUT OF THE PIT
cv-valid-dev/sample-001835.mp3,she went over to mr jared's house,1,0,,,,3.0,SHE WENT OVER TO MISTER CHERRIT'S HOUSE
cv-valid-dev/sample-001836.mp3,hang on a second,1,0,twenties,male,,1.7,HANG ON A SECOND
cv-valid-dev/sample-001837.mp3,but they really don't know what they're saying,2,0,thirties,female,australia,3.4,BUT THEY REALLY DON'T KNOW WHAT THEY'RE SAYING
cv-valid-dev/sample-001838.mp3,get a load of this,2,0,,,,3.5,GET THE LOAD OF THIS
cv-valid-dev/sample-001839.mp3,he wanted to say so to the alchemist but he was afraid of the man,2,0,,,,5.1,HE WANTED TO SAY SO TO THE ALCHIMIST BUT HE WAS AFRAID OF THE MAN
cv-valid-dev/sample-001840.mp3,saul was infuriating the others,2,1,,,,3.4,SAOUL WAS INFURIATING THE OTHERS
cv-valid-dev/sample-001841.mp3,you can't stay here,1,0,,,,4.5,YOU CAN STAY HERE
cv-valid-dev/sample-001842.mp3,only it'll be a lot easier with you,1,0,,,,4.7,ONLY IT'LL BE A LOT EASIER WITH YOU
cv-valid-dev/sample-001843.mp3,i heard a faint movement under my feet,3,0,,,,3.7,I HEARD A FAINT MOVEMENT UNDER MY FEET
cv-valid-dev/sample-001844.mp3,i watched the weather forecast,1,0,,,,2.5,I WATCHED THE WEATHER FORECAST
cv-valid-dev/sample-001845.mp3,there were mountains in the distance,3,0,fourties,male,us,3.3,THERE WERE MOUNTAINS IN THE DISTANCE
cv-valid-dev/sample-001846.mp3,he condemned the commander to death without honor,5,0,,,,3.0,HE CONDEMNED THE COMMANDER TO DEATH WITHOUT HONOUR
cv-valid-dev/sample-001847.mp3,where's the old goat,1,0,,,,5.5,WHERE'S THE OLD GOAT
cv-valid-dev/sample-001848.mp3,but he's on the right track,5,0,thirties,female,indian,3.6,BUT HE'S ON THE RIGHT TRACK
cv-valid-dev/sample-001849.mp3,we are part of that soul so we rarely recognize that it is working for us,4,0,,,,7.1,WE ARE PART OF THAT SOUL SO WE RARELY RECOGNISE THAT IT IS WORKING FOR US
cv-valid-dev/sample-001850.mp3,i'm going to them,2,0,thirties,female,england,2.1,A GARRI TREW DOWN
cv-valid-dev/sample-001851.mp3,what had been next to him five minutes ago was now at the other side,9,1,thirties,male,england,4.5,WHAT HAD BEEN NEXT TO HIM FIVE MINUTES AGO WAS NOW AT THE OTHER SIDE
cv-valid-dev/sample-001852.mp3,since then i haven't been able to get another one,1,0,,,,5.7,SINCE THEN I HAVEN'T BEEN ABLE TO GET ANOTHER ONE
cv-valid-dev/sample-001853.mp3,there was very little talking,1,0,,,,2.8,THERE WAS VERY LITTLE TALKING
cv-valid-dev/sample-001854.mp3,it was faintly marked with transverse stripes and slightly flattened from the perfect round,1,0,fourties,male,australia,5.3,IT WAS FAINTLY MARKED WITH TRANSVERSE STRIPES AND SLIGHTLY FLATTENED FROM THE PERFECT ROUND
cv-valid-dev/sample-001855.mp3,we've got to produce a show now,2,0,,,,4.9,WE'VE GOT TO PRODUCE A SHOW NOW
cv-valid-dev/sample-001856.mp3,but i didnt think that it contained any living creature,3,0,,,,6.2,BUT I DIDN'T THINK THAT IT CONTAINED ANY LIVING CREATURE
cv-valid-dev/sample-001857.mp3,the alarm clock was set for twenty past three,1,0,,,,3.5,THE ALARM WAS SET FOR TWENTY PAST THREE
cv-valid-dev/sample-001858.mp3,i was impatient to see it opened,7,4,,,,3.5,I WAS IMPATIENT TO SEE IT OPENED
cv-valid-dev/sample-001859.mp3,what do they want,2,0,thirties,male,us,1.6,WHAT DO THEY WANT
cv-valid-dev/sample-001860.mp3,what about higgins against becca,1,0,,,,2.9,WHAT ABOUT HIGGINS AGAINST BECHAN
cv-valid-dev/sample-001861.mp3,he's out duckshooting now,1,0,,,,2.9,HE'S OUT DUCK SHOOTING NOW
cv-valid-dev/sample-001862.mp3,they whisked themselves into a frenzy,2,0,twenties,male,,2.2,THEY WHISKED THEMSELVES INTO A FRENZY
cv-valid-dev/sample-001863.mp3,the accommodation was affordable and cosy,1,0,,,,8.1,THE ACCOMMODATION WAS A FORDABLE ANCOSI
cv-valid-dev/sample-001864.mp3,dirt and dust everywhere give me the broom,1,0,fifties,female,indian,4.0,TIRD AND DUST EVERYWHERE GIVE ME THE CREW
cv-valid-dev/sample-001865.mp3,earlier this year we found a really nice place near my office and we moved in together,2,0,,,,8.0,EARLIER THIS YEAR WE FOUND A REALLY NICE PLACE NEAR MY OFFICE AND WE MOVED IN TOGETHER
cv-valid-dev/sample-001866.mp3,the alchemist told the boy to place the shell over his ear,1,0,,,,4.7,THE ALCHEMIST TAUGHT THE BOY TO PLACE THE SHELL OVER HIS SEAL
cv-valid-dev/sample-001867.mp3,let me tell you what will happen,1,0,,,,3.2,LET ME TELL YOU WHAT WILL HAPPEN
cv-valid-dev/sample-001868.mp3,down below in the darkness were hundreds of people sleeping in peace,4,1,,,,5.9,DOWN BELOW IN THE DARKNESS WERE HUNDREDS OF PIPO SLEEPING IN PEACE
cv-valid-dev/sample-001869.mp3,he got up early with the idea of finding it,5,0,,,,3.9,HE GOT UP EARLY WITH THE IDEA OF FINDING IT
cv-valid-dev/sample-001870.mp3,two days later the merchant spoke to the boy about the display,4,2,,,,4.9,TWO DAYS LATER THE MERCHANT SPOKE TO THE BOY ABOUT THE DISPLAY
cv-valid-dev/sample-001871.mp3,the boy and the englishman had bought camels and climbed uncertainly onto their backs,3,0,,,,7.4,THE BOY AND THE ENGLISHMEN HAD BOUGHT CAMELS AND CLIMBED UNCERTAINLY ON TO THEIR BACKS
cv-valid-dev/sample-001872.mp3,the heat lasted until nightfall and all that time he had to carry his jacket,3,0,,,,5.6,THE HEAT LASTED UNTILL NIGHTFALL AND ALL THAT TIME HE HAD TO CARRY HIS JACKET
cv-valid-dev/sample-001873.mp3,let's stop this another commander said,2,0,,,,4.0,LET'S STOP THIS ANOTHER COMMANDER SAID
cv-valid-dev/sample-001874.mp3,my review of the sun one star,1,0,,,,3.7,MY REVIEW OF THE SUN ONE STAR
cv-valid-dev/sample-001875.mp3,it seemed such a little thing so bright and small and still,2,0,twenties,male,us,4.8,IT SEEMED SUCH A LITTLE THING SO BRIGHT AND SMALL AND STILL
cv-valid-dev/sample-001876.mp3,or a man into the wind,2,0,,,,2.4,OR A MAN INTO THE WIND
cv-valid-dev/sample-001877.mp3,i myself heard nothing of that,2,1,fourties,male,england,4.2,OH I MYSELF HEARD NOTHINK OF THAT
cv-valid-dev/sample-001878.mp3,it looked like a rusty gas float,3,0,,,,6.1,IT LOOKED LIKE A RUSTY GAS FLELT
cv-valid-dev/sample-001879.mp3,who's down there with you,2,0,,,,3.3,WHO'S DOWN THERE WITH YOU
cv-valid-dev/sample-001880.mp3,the englishman was disappointed,2,1,,,,9.4,THE ENGLISHMAN WAS DISAPPOINTED
cv-valid-dev/sample-001881.mp3,i do the best i can to help,1,0,twenties,male,,2.5,I DO THE BEST I CAN TO HELP
cv-valid-dev/sample-001882.mp3,it's not a battle of good against evil,2,0,,,,3.0,IT'S NOT A BATTLE OF GOOD AGAINST EVIL
cv-valid-dev/sample-001883.mp3,that's what i was sent down for,1,0,fifties,male,australia,2.9,THAT'S WHAT I WAS SENT DOWN FOR
cv-valid-dev/sample-001884.mp3,it was glaringly hot not a cloud in the sky nor a breath of wind,2,0,,,,4.6,IT WAS GLARINGLY HOT NOT A CLOUD IN THE SKY NOR A BREATH OF WIND
cv-valid-dev/sample-001885.mp3,but i'm going in search of my treasure the boy said,3,0,,,,6.8,BUT I'M GOING IN SEARCH OF MY TREASURE THE BOY SAID
cv-valid-dev/sample-001886.mp3,something older than humanity more ancient than the desert,1,0,twenties,male,indian,4.3,SOMETHING OLDER THAN HUMANITY MORE ENCIME THAN ITHER
cv-valid-dev/sample-001887.mp3,i need to sell some wool the boy told the merchant,1,0,,,,3.4,I NEED TO SELL SOME WOOL THE BOY TOLD THE MERCHANT
cv-valid-dev/sample-001888.mp3,the sun was very hot this summer,1,0,thirties,male,ireland,2.4,THE SUN WAS VERY HOT THIS SUMMER
cv-valid-dev/sample-001889.mp3,don't you like her,3,0,,,,3.1,DON'T YOU LIKE HER
cv-valid-dev/sample-001890.mp3,as was mecca for the merchant,3,0,,,,5.9,AS WAS MECCA FOR THE MERCHANT
cv-valid-dev/sample-001891.mp3,we're in no hurry the chief answered,1,0,,,,3.3,WE ARE IN NO HURRY THE CHIEF ANSWERED
cv-valid-dev/sample-001892.mp3,i'll get it for you,1,0,twenties,male,us,1.5,I'LL GET IT FOR YOU
cv-valid-dev/sample-001893.mp3,dont fight fire with fire it would not help,1,0,,,,3.0,DON'T FIGHT FIRE AT FIRE IT WOULD NOT HELP
cv-valid-dev/sample-001894.mp3,she said she was so exhausted and unhappy that she thought of leaving and she did,2,1,twenties,male,,5.6,SHE SAID SHE WAS SO EXHAUSTED AND UNHAPPY THAT SHE THOUGHT OF LEAVING AND SHE DID
cv-valid-dev/sample-001895.mp3,go and speak to the tribal chieftains said the camel driver,4,0,,,,3.8,GO AND SPEAK TO THE TRIBAL CHIEFTAINS SAID THE CAMEL DRIVER
cv-valid-dev/sample-001896.mp3,if i don't find it i can always go home,1,0,,,,4.3,IF I DON'T FIND IT I CAN ALWAYS GO HOME
cv-valid-dev/sample-001897.mp3,there wasn't much impetus to finish our chores,2,0,,,,3.7,THERE WASN'T MUCH IMPETUS TO FINISH OUR CHOURES
cv-valid-dev/sample-001898.mp3,they filled three sacks,3,0,,,,5.3,THEY'VE FILLED THREE SACKS
cv-valid-dev/sample-001899.mp3,if i could i'd write a huge encyclopedia just about the words luck and coincidence,1,0,sixties,male,england,6.1,IF I COULD I'D WRITE A HUGE ENCYCLOPAEDIA JUST ABOUT THE WORDS LUCK AND COINCIDENCE
cv-valid-dev/sample-001900.mp3,the englishman didn't answer him directly,1,0,,,,4.9,THE ENGLISHMAN DIDN'T ANSWER HIM DIRECTLY
cv-valid-dev/sample-001901.mp3,maybe it was because they moved around so much,3,0,twenties,male,us,3.1,MAYBE IT WAS BECAUSE THEY MOVED AROUND SO MUCH
cv-valid-dev/sample-001902.mp3,the englishman said nothing,3,0,,,,4.4,THE ENGLISHMAN SAID NOTHING IF WE ER AT EN THE VECOMPE
cv-valid-dev/sample-001903.mp3,the discrepancy between readers expectations created by the text and the real behaviour should be resolved,1,0,,,,6.7,THE DISCREPANCY BETWEEN READER'S EXPECTATIONS CREATED BY THE TEXT AND THE REAL BEHAVIOUR SHOULD BE RESOLVED
cv-valid-dev/sample-001904.mp3,he did find it soon after dawn and not far from the sand pits,5,1,,,,6.4,HE DID FIND IT SOON AFTER DAWN NOT FAR FROM THE SAND PITS
cv-valid-dev/sample-001905.mp3,the alchemist erased the circle in the sand and the snake slithered away among the rocks,1,0,,,,11.6,THE ALCHYMIST ERACED THE CIRCLE IN THE SAND AND THE SNAKE SLITHERED AWAY AMONG THE ROCKS
cv-valid-dev/sample-001906.mp3,most meteorites are more or less rounded,3,0,,,,4.7,MOST METEORITES ARE MORE OR LESS ROUNDED
cv-valid-dev/sample-001907.mp3,from here on you will be alone the alchemist said,2,0,twenties,male,us,3.6,FROM HEREON YOU WILL BE ALONE THE ALCHEMIST SAID
cv-valid-dev/sample-001908.mp3,the first rule of don't fight club is let's talk about it,2,0,twenties,female,us,3.7,THE FIRST RULE OF DON'T FIGHT CLUB IS LET'S TALK ABOUT IT
cv-valid-dev/sample-001909.mp3,but it is not a class that was requested by our alumni or prospective students,2,0,,,,5.9,BUT IT IS NOT A CLASS THAT WAS REQUESTED BY OUR LUMNAI OR PROSPECTIVE STUDENTS
cv-valid-dev/sample-001910.mp3,i don't know the desert that well yet,2,0,fourties,male,,3.5,I DON'T KNOW THE DESERT LHAT WELL YET
cv-valid-dev/sample-001911.mp3,the track pad on this laptop needs calibrating,1,0,,,,3.6,THE TRACK BED ON THIS LAPTOP MEANS CALIBRATING
cv-valid-dev/sample-001912.mp3,i had seen all that it would presently bring me,7,2,,,,3.7,I HAD SEEN ALL THAT IT WOULD PRESENTLY BRING ME
cv-valid-dev/sample-001913.mp3,his heart squeezed as if his chest had suddenly compressed it,2,0,fifties,male,scotland,3.7,HIS HEART SQUEEZED AS IF HIS CHEST HAD SUDDENLY COMPRESSED IT
cv-valid-dev/sample-001914.mp3,it's gonna put our city on the map,1,0,,,,3.4,IT'S GOINE TO PUT OUR CITY ON NO MAP
cv-valid-dev/sample-001915.mp3,from atop its walls one can catch a glimpse of africa,3,1,twenties,male,canada,5.0,FROM ATOP ITS WALLS ONE CAN CATCH A GLIMPSE OF AFRICA
cv-valid-dev/sample-001916.mp3,listen to that mob,1,0,teens,female,,2.6,LISTEN TO THAT MOB
cv-valid-dev/sample-001917.mp3,lots of places sell tea around here the merchant said,3,0,thirties,male,australia,4.0,LOTS OF PLACES SELL TEA AROUND HERE EMAGIN SAID
cv-valid-dev/sample-001918.mp3,the streamer of gas came out towards us,5,0,,male,us,3.1,THE STREAMER OF GAS CAME OUT TOWARDS US
cv-valid-dev/sample-001919.mp3,the englishman asked if they were in danger,1,0,,,,4.1,THE ENGLISHMAN ASKED IF THEY WERE IN DANGER
cv-valid-dev/sample-001920.mp3,but just before lunchtime a boy stopped in front of the shop,1,0,sixties,male,canada,6.8,BUT JUST BEFORE LUNCH TIME A BOY STOPPED IN FRONT OF THE SHOP
cv-valid-dev/sample-001921.mp3,the englishman had been profoundly impressed by the story,2,0,,,,5.0,THE ENGLISHMAN HAD BEEN PROFOUNDLY IMPRESSED BY THE STORY
cv-valid-dev/sample-001922.mp3,i heard a faint movement under my feet,2,0,,,,3.4,I HEARD A FAINT MOVEMENT UNDER MY FEET
cv-valid-dev/sample-001923.mp3,the morning post is not obstructing justice or hiding criminals,1,0,,,,5.2,THE MORNING POST IS NOT OBSTRUCTING JUSTICE OR HIDING CRIMINALS
cv-valid-dev/sample-001924.mp3,she probably worked it out in advance,1,0,,,,3.0,SHE PROBABLY WORKED IT OUT IN ADVANCE
cv-valid-dev/sample-001925.mp3,about time one of you lunkheads said it,1,0,fifties,male,us,3.7,ABOUT TIME ONE OF YOU LUNKHEAD SAT IT
cv-valid-dev/sample-001926.mp3,this is for you,3,0,thirties,male,us,1.9,THIS IS FOR YOU
cv-valid-dev/sample-001927.mp3,all things are one the old man had said,3,0,,,us,4.6,ALL THINGS ARE ONE THE OLD MAN HAD SAID
cv-valid-dev/sample-001928.mp3,what's for dinner tonight,1,0,,,,2.6,WHAT'S WORT DINNER TO NIGHT
cv-valid-dev/sample-001929.mp3,the boy stepped closer to the girl and when she smiled he did the same,1,0,,,,6.7,THE BOYS STEPPED CLOSER TO THE GIRL AND WHEN SHE SMILED HE DID THE SAME
cv-valid-dev/sample-001930.mp3,i heard a peculiar humming sound from the pit,4,0,thirties,female,us,3.9,I HEARD A PECULIAR HUMMING SOUND FROM THE PIT
cv-valid-dev/sample-001931.mp3,this man's going to jump as a matter of principle,1,0,,,,3.6,THIS MAN'S GOING TO JUMP AS A MATTER OF PRINCIPLE
cv-valid-dev/sample-001932.mp3,from the railway station in the distance came the sound of trains ringing and rumbling,2,1,,,,6.3,FROM THE RAILWAY STATION IN THE DISTANCE CAME SOUND OF TRAINS RINGING AND RUMBLING
cv-valid-dev/sample-001933.mp3,the stranger seemed satisfied with the answer,3,0,,,,3.1,THE STRANGER SEEMED SATISFIED WITH THE ANSWER
cv-valid-dev/sample-001934.mp3,it spread through the planet's atmosphere and obscured its more familiar features,2,1,twenties,male,,6.2,IT SPREAD THROUGH THE PLANET'S ATMOSPHERE AND OBSCURED ITS MOST FAMILIAR FEATURES
cv-valid-dev/sample-001935.mp3,the desert didn't answer him for a few moments,3,0,fifties,female,us,2.7,THE DESERT DIDN'T ANSWER HIM FOR A FEW MOMENTS
cv-valid-dev/sample-001936.mp3,i want my baby to look like you,1,0,fourties,female,,3.9,I WANT MY BABY TO LOOK LIKE YOU
cv-valid-dev/sample-001937.mp3,then he realized that he had been distracted for a few moments looking at the sword,1,0,,,,5.1,THEN HE REALIZED THAT HE HAD BEEN DISTRACTED FOR A FEW MOMENTS LOOKING AT THE SORE
cv-valid-dev/sample-001938.mp3,today i understand something i didn't see before every blessing ignored becomes a curse,4,0,sixties,male,us,6.1,TODAY I UNDERSTAND SOMETHING I DIDN'T SEE BEFORE EVERY BLESSING IGNORED BECOMES A CURSE
cv-valid-dev/sample-001939.mp3,it was glaringly hot not a cloud in the sky nor a breath of wind,2,0,fourties,male,england,5.5,IT WAS GLATRINGLY HOT NOT A CLOUD IN THE SKY NOR A BREATH OF WIND
cv-valid-dev/sample-001940.mp3,well he thought about that the old man said,1,0,,,,4.5,WELL HE FOUR ABOT DEAD THE OLD MAN SAID
cv-valid-dev/sample-001941.mp3,sometime during the second year you'll remember about the treasure,3,0,,,,4.1,SOMETIME DURING THE SECOND YEAR WILL REMEMBER ABOUT THE TREASURE
cv-valid-dev/sample-001942.mp3,the omens had been true after all,3,0,,,,3.0,THE OMENS HAD BEEN TRUE AFTER ALL
cv-valid-dev/sample-001943.mp3,as i watched the planet seemed to grow larger and smaller,2,0,,,,7.4,AS I WASHED THE PLANET SEEMED TO GROW LARGER AND SMALLER
cv-valid-dev/sample-001944.mp3,the boy knew a lot of people in the city,5,1,twenties,male,canada,2.2,THE BOY KNEW A LOT OF PEOPLE IN THE CITY
cv-valid-dev/sample-001945.mp3,the area was swirling in dust so intense that it hid the moon from view,1,0,,,,8.4,MYRIA WAS HOLLING IN THUS SO INTLONS THAT IT HID THE MOON FROM YOU
cv-valid-dev/sample-001946.mp3,henderson went into the railway station to telegraph the news to london,4,0,,,,5.4,HENDERSON WENT INTO THE RAILWAY STATION TO TELEGRAPH THE NEWS TO LONDON
cv-valid-dev/sample-001947.mp3,why didn't you ask neal about it,2,0,,,,2.2,WHY DIDN'T YOU ASK NEIL ABOUT IT
cv-valid-dev/sample-001948.mp3,the top had certainly ceased to rotate,3,0,twenties,male,australia,3.6,THE THOB HAD CERTAINLY CEASED TO RUTATE
cv-valid-dev/sample-001949.mp3,when he saw henderson in his garden he called over the fence and made himself understood,2,0,teens,female,england,5.2,WHEN HE SAW HENDERSON IN HIS GARDEN HE COLLED OVER THE FENCE AND MADE HIMSELF UNDERSTOOD
cv-valid-dev/sample-001950.mp3,you should see the other guy specifically how good at fighting he is,3,0,,,,5.0,YOU SHOULD SEE THE OTHER GUY SPECIFICALLY HOW GOOD AT FIGHTING HE IS
cv-valid-dev/sample-001951.mp3,and i think it's terrific,1,0,,,,2.4,AND I THINK IT'S TERRIFIC
cv-valid-dev/sample-001952.mp3,he didn't need to seek out the old woman for this,3,0,seventies,male,england,4.8,HE DIDN'T NEED TO SEEK OUT THE OLD WOMAN FOR THIS
cv-valid-dev/sample-001953.mp3,once you get into the desert there's no going back said the camel driver,3,0,twenties,male,us,5.4,ONCE YOU GET INTO THE DESERT THERE'S NO GOING BACK SAID THE CAMEL DRIVER
cv-valid-dev/sample-001954.mp3,just tell them marge sent you,2,0,,,,3.4,JEST TELL THEM MARGE SENT YOU
cv-valid-dev/sample-001955.mp3,it helped me to trust in people the englishman answered,3,0,,,,3.9,IT HELPED ME TO TRUST IN PEOPLE THE ENGLISHMAN ANSWERED
cv-valid-dev/sample-001956.mp3,then suddenly he noticed it with a start,6,0,,,,8.9,THEN SUDDENLY HE NOTICED IT WITH A START
cv-valid-dev/sample-001957.mp3,the boy was strong and wanted to retaliate but he was in a foreign country,2,0,,,,6.1,THE BOY WAS STRONG AND WANTED TO RETALIATE BUT HE WAS IN A FORAINE COUNTRY
cv-valid-dev/sample-001958.mp3,it was as if it quivered but really this was the telescope vibrating,2,0,,,,5.0,IT WAS AS IF IT QUIVERED BUT REALLY THIS WAS THE TELESCOPE VIBRATING
cv-valid-dev/sample-001959.mp3,no baselines or comparison to state of the art is provided,1,0,twenties,male,us,4.0,NO BASELINES OR COMPARISON TO STATE OF THE ART IS PROVIDED
cv-valid-dev/sample-001960.mp3,they were spaced out in rows three feet apart,1,0,,,,3.5,THEY WERE SPACED OUT AND ROSE THREE FEET APART
cv-valid-dev/sample-001961.mp3,and in that mood he was grateful to be in love,3,0,,,,4.4,AND IN THAT MOOD HE WAS GRATEFUL TO BE IN LOVE
cv-valid-dev/sample-001962.mp3,so how will we name all these hurricanes,7,0,,,,2.8,SO HOW WILL WE NAME ALL THESE HURRICANES
cv-valid-dev/sample-001963.mp3,that's what makes it romantic,2,1,thirties,male,us,2.5,THAT'S WHAT MAKES IT RUMOR AND
cv-valid-dev/sample-001964.mp3,is this the ear you can't hear on,1,0,,,,3.4,IS THIS THE YEAR YOU CAN'T HEAR ON
cv-valid-dev/sample-001965.mp3,had our instruments permitted it we might have been able to see the trouble way back when,5,0,,,,5.8,HAD OUR INSTRUMENTS PERMITTED IT WE MIGHT HAVE BEEN ABLE TO SEE THE TROUBLE WAY BACK WHEN
cv-valid-dev/sample-001966.mp3,i'm going away he said,3,0,,,,2.5,I AM GOING AWAY HE SAID
cv-valid-dev/sample-001967.mp3,there were really i think two or three hundred people elbowing one another,1,0,,,,5.9,THERE WERE REALLY I THINK TWO OR THREE HUNDRED PEOPLE ELBOWING ONE ANOTHER
cv-valid-dev/sample-001968.mp3,but his heart was speaking of other things,2,0,,,,4.2,BUT HIS HORROT WAS SPEAKING OF OTHER THINGS
cv-valid-dev/sample-001969.mp3,all that time the martians must have been getting ready,9,0,,,,4.6,ALL THAT TIME THE MARTIANS WAS TO BE GETTING READY
cv-valid-dev/sample-001970.mp3,night fell and an assortment of fighting men and merchants entered and exited the tent,2,0,,,,8.0,NIGHT FELL AND AN ASSORTMENT OF FIGHTING MEN AND MERCHANTS ENTERED AND EXITED THE TENT
cv-valid-dev/sample-001971.mp3,the boy's name was santiago,1,0,,,,1.8,THE BOY'S NAME WAS SANTIAGO
cv-valid-dev/sample-001972.mp3,you should see the other guy specifically how good at fighting he is,3,0,,,,5.7,YOU SHOULD SEE THE OTHER GUY SPECIFICALLY HOW GOOD AT FIGHTING HE IS
cv-valid-dev/sample-001973.mp3,but there they saw a crystal shop that offered refreshing mint tea,1,0,,,,6.5,BUT THERE THEY SAW A CRYSTAL SHOP THAT OFFERED REFRESHING MINT TEA
cv-valid-dev/sample-001974.mp3,you should see the other guy specifically how good at fighting he is,2,1,fourties,male,england,7.1,YOU SHOULD SEE THE OTHER GUY SPECIFICALLY HOW GOOD YAT FIGHTIN IS
cv-valid-dev/sample-001975.mp3,you'll be the counselor of the oasis,8,0,fifties,male,ireland,4.0,YOU'LL BE THE COUNSELLOR OF THE OYSSIS
cv-valid-dev/sample-001976.mp3,shall i announce you,2,0,,,,2.5,SHALL I ANNOUNCE YOU
cv-valid-dev/sample-001977.mp3,i had seen all that it would presently bring me,4,0,,,,3.8,I HAD SAY OH THAT IT WOULD PRESENTLY BRING ME
cv-valid-dev/sample-001978.mp3,this requires a little thought here,2,0,,,,3.2,THIS REQUIRES A LITTLE THOUGHT HERE
cv-valid-dev/sample-001979.mp3,he approached the mass and was surprised at the size and the shape,7,0,twenties,,us,4.7,HE APPROACHED THE MASS AND WAS SURPRISED AT THE SIZE ON THE SHAPE
cv-valid-dev/sample-001980.mp3,she's on the air,1,0,,,,1.5,SHE SUNG THE AIR
cv-valid-dev/sample-001981.mp3,the space station rocked violently due to the intense pressure wave from the airlock failure,1,0,twenties,male,us,7.1,THE SPACE STATION ROCKED VIOLENTLY DUE TO THE INTENSE PRESSURE WAVES FROM THE AIRLOCK FAILURE
cv-valid-dev/sample-001982.mp3,well why don't we go there right now the boy asked,1,0,,,,7.1,RELL VEDON TO VICU D'I RITNO DA WEYOSCE
cv-valid-dev/sample-001983.mp3,it was only when i got this close to it that the strangeness of it was at all evident to me,2,0,,,,6.2,IT WAS ONLY WHEN I GOT THIS CLOSE TO IT THAT THE STRANGENESS OF IT WAS AT ALL EVIDENT TO ME
cv-valid-dev/sample-001984.mp3,if good things are coming they will be a pleasant surprise said the seer,1,0,teens,female,us,4.9,IF GOOD THINGS ARE COMING THEY WILL BE A PLEASANT SURPRISE SAID THE SEA
cv-valid-dev/sample-001985.mp3,for at that time it had not occurred to him that it might be hollow,3,0,,,,6.6,FOR AT THAT TIME IT HAD NOT OCCURRED TO HIM THAT IT MIGHT BE HOLLOW
cv-valid-dev/sample-001986.mp3,kidneys are transplanted often because every healthy person has two of them,1,0,teens,male,england,5.2,KEEPIN US A CHANCE PANTIT OFTEN BECAUSE EVERY HEALTHY PERSON HAS TWO OF THEM
cv-valid-dev/sample-001987.mp3,she will also announce the third party's candidate for the presidency,2,0,fourties,male,,5.4,SHE WILL ALSO ANNOUNCE THE THIRD PARTY'S CANDIDATE FOR THE PRESIDENCY
cv-valid-dev/sample-001988.mp3,he moved about invisible but everyone could hear him,7,1,,,,6.3,HE MOVED ABOUT INVISIBLE BHAT EVERY ONE COULD HEAR HIM
cv-valid-dev/sample-001989.mp3,a monk dressed in black came to the gates,1,0,,,,3.7,A MONK DRESSED IN BLACK CAME TO THE GATES
cv-valid-dev/sample-001990.mp3,come on in the office here,2,0,,,,2.6,COME ON IN THE OFFICE HERE
cv-valid-dev/sample-001991.mp3,it was impossible to remember all the details that he covered in an hour,3,0,twenties,male,australia,5.0,IT WAS IMPOSSIBLE TO REMEMBER ALL THE DETAILS THAT HE COVETED AN HOUR
cv-valid-dev/sample-001992.mp3,the old man returned the book to the boy,2,0,twenties,female,indian,5.8,THE OLD MAN RETURNED THE ROCK TO THE BOY
cv-valid-dev/sample-001993.mp3,you gave them everything i had the boy said,2,0,twenties,male,,5.0,YOU GIVE THEM EVERYTHING I HAD THE BOY SAID
cv-valid-dev/sample-001994.mp3,if what one finds is made of pure matter it will never spoil,2,0,twenties,male,us,6.6,IF WHAT WAN FINDS IS MADE OF PURE MATTER IT WILL NOW SPOIL
cv-valid-dev/sample-001995.mp3,i'm going away he said,3,0,twenties,male,us,3.1,I'M GOING AWAY HE SAID
cv-valid-dev/sample-001996.mp3,i jumped in to save rachel,1,0,,,,3.3,I JUMPED IN TO SAVE RACHEL
cv-valid-dev/sample-001997.mp3,i remember how i sat on the table there in the blackness with patches of green and crimson swimming before my eyes,3,0,,,,8.8,I REMEMBER HOW I SAT ON THE TABLE THERE IN THE BLACKNESS WITH PATCHES OF GREEN AND CRIMSON SWIMMING BEFORE MY EYES
cv-valid-dev/sample-001998.mp3,even then he hardly understood what this meant,3,1,,,,3.5,EVEN THEN HE HARDLY UNDERSTOOD WHAT THIS MEANT
cv-valid-dev/sample-001999.mp3,if he makes a buying mistake it doesn't affect him much,2,0,,,,4.2,IF HE MAKES A BUYING MISTAKE IT DOESN'T AFFECT HIM MUCH
cv-valid-dev/sample-002000.mp3,the boy felt a pang in his heart thinking about the merchant's daughter,1,0,fourties,male,us,7.9,THE BOY FELT A PANG IN HIS HEART THINKING ABOUT THE MERCHANT'S DAUGHTER
cv-valid-dev/sample-002001.mp3,when he speaks in our language i can interpret what he has said,1,0,,,,4.2,WHEN HE SPEAKS IN OUR LANGUAGE I CAN INTERPRET WHAT HE HAS SAID
cv-valid-dev/sample-002002.mp3,i thought that someday i'd be rich and could go to mecca,7,0,,,,4.3,I THOUGHT THAT SOME DAY I'D BE RICH AND COULD GO TO MECCA
cv-valid-dev/sample-002003.mp3,nobody'd ever tell you whoever it was because they'd be scared,1,0,,,,5.7,NOBODY'D EVER TELL YOU WHOEVER IT WAS BECAUSE THEY'D BE SCARED
cv-valid-dev/sample-002004.mp3,did you see the garden that it took the master gardener ten years to create,3,0,,,,7.1,DID YOU SEE THE GARDEN THAT IT TOOK THE MASTER GARDENER TEN YEARS TO CREATE
cv-valid-dev/sample-002005.mp3,i said good night,1,0,,,,2.3,I SAID GOOD NIGHT
cv-valid-dev/sample-002006.mp3,now i will drift gently off to dreamland,1,0,sixties,male,us,4.5,NOW I WILL DRIFT GENTLY OFF TO DREAMLAND
cv-valid-dev/sample-002007.mp3,tangier is not like the rest of africa,7,0,,,,4.6,TANGIER IS NOT LIKE THE REST OF AFRICA
cv-valid-dev/sample-002008.mp3,those women are all card sharks don't be fooled,1,0,twenties,female,england,4.1,THERE'S WOMEN A ROCK HAR CHARKS DON'T BE SOOLED
cv-valid-dev/sample-002009.mp3,and for wise men gold is the metal that evolved the furthest,3,0,,,,5.1,AND FOR WISE MEN GOLD IS THE METAL THAT EVOLVED THE FURTHEST
cv-valid-dev/sample-002010.mp3,you'll be the counselor of the oasis,1,0,,,,4.1,YOU'LL BE THE COUNCILLOR OF THE OASES
cv-valid-dev/sample-002011.mp3,he had found where his treasure was and was frightened at what might happen,3,0,twenties,male,,5.2,HE HAD FOUND WHERE HIS TREASURE WAS AND WAS FRIGHTENED AT WHAT MIGHT HAPPEN
cv-valid-dev/sample-002012.mp3,keep your shirt on,3,0,fourties,,australia,1.7,TAKE I SHIRTON
cv-valid-dev/sample-002013.mp3,work for somebody else,1,0,,,,3.2,WOOK FOR SOMEBODY ELSE
cv-valid-dev/sample-002014.mp3,i need a drink,1,0,,,,2.1,HINY A DRINK
cv-valid-dev/sample-002015.mp3,he decanted the wine and began to recount the disturbing story he had been told,1,0,twenties,male,us,5.0,HE DECANTED THE WINE AND BEGAN TO RECOUNT THE DISTURBING STORY HE HAD BEEN TOLD
cv-valid-dev/sample-002016.mp3,the caravans had been stopped at giza for some time waiting for the wars to end,3,0,,,,6.5,THE CARAVANS HAD BEEN STOPPED AT GISERV FOR SOME TIME WAITING FOR THE WARS AND
cv-valid-dev/sample-002017.mp3,almost everyone here speaks spanish,2,0,,,,3.6,ALMOST EVERY ONE HERE IS BEAKING SPANISH
cv-valid-dev/sample-002018.mp3,i remember how i sat on the table there in the blackness with patches of green and crimson swimming before my eyes,3,0,,,,9.9,I REMEMBER HOW I SAT ON THE TABLE THERE IN THE BLACKNESS WITH PATCHES OF GRAIN AND CRIMSON SWIMMING BEFORE MY EYES
cv-valid-dev/sample-002019.mp3,i want them both arrested,1,0,teens,male,england,2.2,I WANT THEM BOTH ARRESTED
cv-valid-dev/sample-002020.mp3,the list was frighteningly extensive,1,0,thirties,male,england,3.1,THE LIST WAS FRIGHTENINGLY EXTENSIVE
cv-valid-dev/sample-002021.mp3,it seemed to him that it fell to earth about one hundred miles east of here,4,0,,,,5.1,IT SEEMED TO HIM THAT IT FELL TO EARTH ABOUT ONE HUNDRED MILES EAST OF HERE
cv-valid-dev/sample-002022.mp3,i want my baby to look like you,1,0,sixties,male,scotland,5.2,I WANT MY BABY TO LUKE LIKE YOU
cv-valid-dev/sample-002023.mp3,i was scared but wasted no time in going out and crossing the bridge to the sand pits,3,0,,,,5.8,I WAS SCARED BUT WASTED NO TIME IN GOING OUT AND CROSSING THE BRIDGES AND SAND PITS
cv-valid-dev/sample-002024.mp3,judge may not think so,1,0,twenties,male,indian,2.7,JUDGE MERNARTIN SLOW
cv-valid-dev/sample-002025.mp3,everything i do is friendly,1,0,,,,3.0,EVERYTHING I DO IS FRIENDLY
cv-valid-dev/sample-002026.mp3,take her to the hospital,1,0,,,,2.3,TAKE HER TO THE HOSPITAL
cv-valid-dev/sample-002027.mp3,the englishman was disappointed,1,0,,,,4.2,THE ENGLISHMAN WAS DISAPPOINTED
cv-valid-dev/sample-002028.mp3,have trusted more in your love for fatima,1,0,,,,4.3,I'VE TRUST ET MORE IN YOUR LIFE FORPARTIN
cv-valid-dev/sample-002029.mp3,he just got a new kite for his birthday,2,1,,,,4.4,HE JUST GOT A NEW KITE FOR HIS BIRTHDAY
cv-valid-dev/sample-002030.mp3,so when i look out over your sands i am also looking at her,2,0,,,,5.2,SO WHEN I LOOK OUT OVER YOUR SANDS I AM ALSO LOOKING AT HER
cv-valid-dev/sample-002031.mp3,the miner had abandoned everything to go mining for emeralds,2,0,,,,5.8,THE MINER HAD ABANDONED EVERYTHING TO GO MINING FOR EMERALDS
cv-valid-dev/sample-002032.mp3,he was excited and at the same time uneasy maybe the girl had already forgotten him,3,0,,,,7.3,HE WAS EXCITED AND AT THE SAME TIME UNEASY MAYBE THE GIRL HAD ALREADY FORGOTTEN HIM
cv-valid-dev/sample-002033.mp3,try it again,1,0,,,,1.1,DRIGHT AGAIN
cv-valid-dev/sample-002034.mp3,it was a bundle of money,1,0,,,,2.4,IT WAS A BUNDLE OF MONEY
cv-valid-dev/sample-002035.mp3,the loafers and golf caddies were used to hanging out near the railway station,3,0,thirties,female,us,7.4,THE LOAFERS AND GOLF CADDIES WERE USED TO HANGING OUT NEAR THE RAILWAY STATION
cv-valid-dev/sample-002036.mp3,it's gonna put our city on the map,1,0,,,,3.1,IT'S GOING TO PUT OUR CITY ON THE MAP
cv-valid-dev/sample-002037.mp3,the crow tilted its head as if it was thinking,1,0,,,,4.4,THE CROW TILTED ITS HEAD AS IF IT WAS THINKING
cv-valid-dev/sample-002038.mp3,there were raised voicesand some sort of struggle appeared to be going on ,3,0,,,,5.2,THERE WERE RAISED VOICES AND SOME SORT OF STRUGGLE APPEARED TO BE GOING ON
cv-valid-dev/sample-002039.mp3,on the seventh day the alchemist decided to make camp earlier than usual,2,1,,,,4.5,ON THUS HAVING DE BALGANA DESIRED TO MAKE GAMPA J
cv-valid-dev/sample-002040.mp3,the snake jetted venom,2,0,,,,2.4,THE SNAKE JEDDED VENOM
cv-valid-dev/sample-002041.mp3,the boy watched as his companion went to his horse and withdrew a scimitar,2,0,,,,5.1,THE BOY WATCHED AS HIS COMPANION WENT TO HIS HORSE AND WITHDREW A SCIMITAR
cv-valid-dev/sample-002042.mp3,who told you about omens the boy's interest was increasing by the moment,1,0,,,,6.4,WHO TOLD YOU ABOUT OMENS THE BOY'S INTEREST WAS INCREASING BY THE MOMENTS
cv-valid-dev/sample-002043.mp3,one can imagine these two covered with sand running up the little street in the bright sunlight,3,0,fourties,female,england,5.9,ONE CAN IMAGINE THESE TWO COVERED WITH SAND RUNNING UP THE LITTLE STREET IN THE BRIGHT SUNLIGHT
cv-valid-dev/sample-002044.mp3,about how wealthy would you say,1,0,fifties,male,us,3.1,ABOUT HOW WEALTHY WOULD YOU SAY
cv-valid-dev/sample-002045.mp3,his soul must be too primitive to understand those things he thought,2,0,,,,5.4,HIS SOUL MUST BE TOO PRIMITIVE TO UNDERSTAND THOSE THINGS HE THOUGHT
cv-valid-dev/sample-002046.mp3,we lit the lantern and walked over to his house,2,1,fourties,male,us,3.0,WE LIT THE LANTERN AND WALKED OVER TO HIS HOUSE
cv-valid-dev/sample-002047.mp3,the three fell silent,3,0,fifties,female,us,3.3,THE THREE FELL SILENT
cv-valid-dev/sample-002048.mp3,don't they usually keep the gun on the floor,1,0,,,,5.2,DON'T THEY USUALLY KEEP THE GUN ON THE FLOOR
cv-valid-dev/sample-002049.mp3,i'm a sucker for this country,2,0,twenties,male,us,2.4,AMASACA FOR THIS COUNTRY
cv-valid-dev/sample-002050.mp3,hunches his mother used to call them,4,0,,,,3.1,HUNCHES HIS MOTHER USED TO CALL
cv-valid-dev/sample-002051.mp3,i left my father my mother and the town castle behind,2,1,,,,5.3,I LEFT MY FATHER MY MOTHER AND THE TOWN CASTLE BEHIND
cv-valid-dev/sample-002052.mp3,in those days very few of the people had any idea about astronomy,3,1,,,,6.6,IN THOSE DAYS VERY FEW OF THE PEOPLE HAD ANY IDEA ABOUT ASTRONOMY
cv-valid-dev/sample-002053.mp3,about time one of you lunkheads said it,1,0,,,,2.9,ABOUT TIME ONE OF EU LANCATS SAID IT
cv-valid-dev/sample-002054.mp3,no the alchemist answered,1,0,fifties,male,australia,4.1,NO THE ALCHEMIST ANSWERED
cv-valid-dev/sample-002055.mp3,with this kind of organization i find it's much easier to prioritize within a category,1,0,,,,10.0,WITH THIS KIND OF ORGANIZATION I FIND IT MUCH EASIER TO PRIRORITIZE WITHIN A CATEGORY
cv-valid-dev/sample-002056.mp3,congressman aaron is here to see you,1,0,,,,9.7,CON THIS MAN ARON IS HERE TI SIER
cv-valid-dev/sample-002057.mp3,when i'm eating that's all i think about,2,0,,,,3.3,WHEN I'M EETING THAT'S ALL I THINK ABOUT
cv-valid-dev/sample-002058.mp3,tonight we give you something entirely new and different,1,0,,,,2.9,TO NIGHT WE GIVE YOU SOMETHING ENTIRELY NEW AND DIFFERENT
cv-valid-dev/sample-002059.mp3,this man's going to jump as a matter of principle,2,0,twenties,female,indian,3.9,THIS MAN'S GOING TO JIM AS A MATTER OF PRINCIPLE
cv-valid-dev/sample-002060.mp3,paracetamol should get rid of that pain,1,0,,,,5.2,PARA SITAMAL SHOULD GET RID OF THAT FANE
cv-valid-dev/sample-002061.mp3,they were people of the desert and clamored to hear his stories about the great cities,17,0,thirties,male,indian,6.2,THEY WERE PEOPLE OF THE DESERT AND CLAMOURED TO HEAR HIS STORIES ABOUT THE GREAT CITIES
cv-valid-dev/sample-002062.mp3,hires two personal trainers and make one of them train the other one,2,1,fourties,female,us,5.8,HIRES TWO PERSONAL TRAINERS AND MAKE ONE OF THEM TRAIN THE OTHER ONE
cv-valid-dev/sample-002063.mp3,it was faintly marked with transverse stripes and slightly flattened from the perfect round,3,2,,,,7.0,IT WAS FAINTLY MARKED WITH THAT TRANSVERSED STRIPES AND SLIGHTLY FEDDEN FROM THE PARPET ROUND
cv-valid-dev/sample-002064.mp3,it was a useful reminder to complete the task,2,0,fourties,female,,5.7,IT WAS A USEFUL REMINDER TO COMPLETE THE TASK
cv-valid-dev/sample-002065.mp3,of course the two were unable to do anything,1,0,,,,3.7,OF COURSE THE TWO WERE UNABLE TO DO ANYTHING
cv-valid-dev/sample-002066.mp3,i have had the same dream twice he said,2,0,,,,3.5,I'VE HAD THE SAME DREAM TWICE HE SAID
cv-valid-dev/sample-002067.mp3,well why don't we go there right now the boy asked,4,1,,,,4.0,WELL WHY DON'T WE GO THERE RIGHT KNOW THE BOY ASKED
cv-valid-dev/sample-002068.mp3,go back to watching the caravan he said,2,0,,,,3.3,GO BACK TO WATCHIN THE CARAVAN HE SAID
cv-valid-dev/sample-002069.mp3,he fell asleep and when he awoke the sun was already high,3,0,,,,5.9,HE FELL ASLEEP AND WHEN HE AWOKE THE SUN WAS ALREADY HIGH
cv-valid-dev/sample-002070.mp3,i had to act quickly that's why i jumped in,2,0,,,,3.4,I HAD TO ACT QUICKLY THAT'S RIGHT JUMPDIN
cv-valid-dev/sample-002071.mp3,the sword didn't fall,3,0,sixties,male,england,3.3,THE SWORD DIDN'T FALL
cv-valid-dev/sample-002072.mp3,i waited all afternoon and evening he said,6,0,,,,5.7,I WAITED ALL AFTERNOON AND EVENING HE SAID
cv-valid-dev/sample-002073.mp3,the end of the cylinder was still as ogilvy and henderson had left it,6,0,fifties,male,scotland,5.5,THE END OF THE CYLINDER WAS STILL AS OGLUVY AND HENDERSEN HAD LEFT IT
cv-valid-dev/sample-002074.mp3,but finally the merchant appeared and asked the boy to shear four sheep,1,0,fifties,male,australia,8.3,BUT FINALLY THE MERCHANT APPEARED AND ASKED THE BOY TO SHEAR FOR SHAPE
cv-valid-dev/sample-002075.mp3,all i say is spit them out,1,0,,,,3.9,ALL I SEE IS T BET THEM OFF
cv-valid-dev/sample-002076.mp3,absolutely despicable that gingerbread men are forced to live in houses made of their own flesh,5,0,,,,6.2,ABSOLUTELY DESPICABLE THAT GINGERBRED MEN ARE FORCED TO LAVE IN HOUSES MARE OF THEIR OWN FLESH
cv-valid-dev/sample-002077.mp3,life is beautiful,1,0,fourties,female,us,1.7,LIFE IS BEAUTIFUL
cv-valid-dev/sample-002078.mp3,the boy was startled,1,0,,,,4.4,THE BOY WAS TARTLED
cv-valid-dev/sample-002079.mp3,i hope it works,2,0,twenties,male,england,1.5,I HOPE IT WORKS
cv-valid-dev/sample-002080.mp3,this is why alchemy exists the boy said,3,0,twenties,male,,4.0,THIS IS WHY ALCHIME EXISTS THE BOY SAID
cv-valid-dev/sample-002081.mp3,i don't know who anybody is any more,1,0,fourties,female,england,3.2,I DON'T KNOW WHO ANYBODY IS ANY MORE
cv-valid-dev/sample-002082.mp3,she's good enough for me,1,0,teens,other,england,1.5,SHE'S GOOD ENOUGH FOR ME
cv-valid-dev/sample-002083.mp3,the steel of its blade glittered in the light of the moon,2,1,twenties,male,us,4.0,THE STEEL OF ITS BLADE GLITTERED IN THE LIGHTS OF THE MINE
cv-valid-dev/sample-002084.mp3,you fight it cut,1,0,twenties,male,us,2.4,YOU FIGHTED KAT
cv-valid-dev/sample-002085.mp3,we've certainly been in some sweet jams,2,0,fourties,male,us,2.7,WE'VE CERTAINLY BEEN ON SOME SWEET JAMS
cv-valid-dev/sample-002086.mp3,never mind those guys,2,1,,,,2.9,NEVER MIND DOLSGEIS
cv-valid-dev/sample-002087.mp3,the terror was palpable,1,0,thirties,male,england,3.0,THE TERROR WAS PALPABLE
cv-valid-dev/sample-002088.mp3,am i talking too much,2,0,,,,2.6,AM I TALKING TOO MUCH
cv-valid-dev/sample-002089.mp3,i heard a faint movement under my feet,2,0,thirties,other,england,6.1,I HEARD A FAINT MOVEMENT UNDER MY FEET
cv-valid-dev/sample-002090.mp3,i'm trying to think of something before those reporters get back,1,0,thirties,male,us,6.0,I'M TRYING TO THINK OF SOMETHING BEFORE THOSE REPORTES GET BACK
cv-valid-dev/sample-002091.mp3,revenge is not my style but obviously accidents will happen,2,0,,,,6.3,REVENGE IS NOT MY STYLE BUT OBVIOUSLY ACCIDENTS WILL HAPPEN
cv-valid-dev/sample-002092.mp3,johnathan assessed the situation carefully,1,0,thirties,male,,3.2,JONATHAN ASSESSED THE SITUATION CAREFULLY
cv-valid-dev/sample-002093.mp3,he had suddenly remembered that in tarifa there was an old woman who interpreted dreams,1,0,,,,5.5,HE HAD SUDDENLY REMEMBERED THAT IN TARAPHA THERE WAS AN OLD WOMAN WHO INTERPRETED DREAMS
cv-valid-dev/sample-002094.mp3,the boy began to dig into the dune,1,0,fifties,male,australia,3.0,THE BOY BEGAN TO DIG INTO THE JUNE
cv-valid-dev/sample-002095.mp3,advancing slowly they searched among the stones,1,0,twenties,male,indian,5.4,ADVANCING SLOWLY THEY SURGED AMONG THE STORMS
cv-valid-dev/sample-002096.mp3,can i help you asked the man behind the window,5,1,seventies,female,england,4.5,CAN I HELP YOU ASKED THE MAN BEHIND THE WINDOW
cv-valid-dev/sample-002097.mp3,it's true that everything has its destiny but one day that destiny will be realized,5,0,twenties,male,england,8.0,IT'S TRUE THAT EVERYTHING HAS ITS DESTINY BUT ONE DAY THAT DESTINY WILL BE REALIZED
cv-valid-dev/sample-002098.mp3,everything i say is right,1,0,,,,2.3,EVERYTHING I SAY IS RIGHT
cv-valid-dev/sample-002099.mp3,hundreds of observers saw the flame that night and the night after,2,1,,,,6.6,AMBID OF A TAFFLAS SAN TE FLOI THAT MAN UNTI MY AFTER
cv-valid-dev/sample-002100.mp3,whenever he could he sought out a new road to travel,2,0,,,,4.9,WHENEVER HE COULD HE SOUGHT OUT A NEW ROAD TO TRAVEL
cv-valid-dev/sample-002101.mp3,who'd you say was gonna get him,3,0,teens,female,us,1.6,WHO'D YOU SAY WAS GOING TO GET EM
cv-valid-dev/sample-002102.mp3,who do you want,1,0,twenties,male,canada,1.7,WHO DO YOU WANT
cv-valid-dev/sample-002103.mp3,the top of the cylinder was rotating on its body,3,0,,,,4.0,THE TOP OF THE CYLINDER WAS ROTATING ON ITS BODY
cv-valid-dev/sample-002104.mp3,you'd better take it easy,2,1,thirties,male,england,2.2,YOU'D BETTER TAKE IT EASY
cv-valid-dev/sample-002105.mp3,the englishman was unable to sleep one night,1,0,,,,4.2,THE ENGLISHMAN WAS UNABLE TO SLEEP ONE NIGHT
cv-valid-dev/sample-002106.mp3,it was no more exciting than an overturned carriage or a tree blown across the road,5,0,,,,5.0,IT WAS NO MORE EXCITING THAN AN OVERTURNED CARRIAGE OR A TREEN BLOWN ACROSS THE ROAD
cv-valid-dev/sample-002107.mp3,but then he remembered that he wasn't going to have to pay anything,2,0,,,,5.8,BUT THEN HE REMEMBERED THAT HE WASN'T GOING TO HAVE TO PAY ANYTHING
cv-valid-dev/sample-002108.mp3,revenge is not my style but obviously accidents will happen,1,0,,,,8.4,REVENGE IS NOT MY STYLE BUT OBVIOUSLY ACCIDENTS WILL HAPPEN
cv-valid-dev/sample-002109.mp3,i thought the unscrewing might be automatic,1,0,,,,3.0,I THOUGHT THET AUNT SCREWING MIGHT BE AUTOMATIC
cv-valid-dev/sample-002110.mp3,i'll just go upstairs and send it over with a messenger,1,0,thirties,male,us,3.5,ALGUS GO UPSTAIRS AND SENT IT OVER WITH A MESSENGER
cv-valid-dev/sample-002111.mp3,some of the grey ash was falling off the circular edge,2,0,,,,5.9,SOME OF THE GREY ASH WAS FALLING OFF THE CIRCULAR EDGE
cv-valid-dev/sample-002112.mp3,it was the second or third time they'd tried,1,0,,,,3.6,IT WAS HA SECOND OR THIRD TIME THEY TRIED
cv-valid-dev/sample-002113.mp3,maybe no one here knows what an alchemist is,2,0,twenties,male,us,3.1,MAYBE NO ONE HERE KNOWS WHAT AN ALCHEMIST IS
cv-valid-dev/sample-002114.mp3,as i watched the planet seemed to grow larger and smaller,5,0,,,,4.5,AS I WATCHED THE PLANET SEEMED TO GROW LARGER AND SMALLER
cv-valid-dev/sample-002115.mp3,and their eyes spoke of death,2,1,,,,2.6,AND THEIR EYES SPOKE OF DEATH
cv-valid-dev/sample-002116.mp3,there's not a reason on earth why you should,1,0,,,,4.9,THERE IS NOT A REASON ON EARTH WHY YOU SHOULD
cv-valid-dev/sample-002117.mp3,many telescopes were pointed at it,6,1,,,,2.8,MANY TELESCOPES WERE POINTED AT IT
cv-valid-dev/sample-002118.mp3,life attracts life the alchemist answered,2,0,,,,4.5,LIFE ATTRACTS LIFE THE OLCHIMIST ANSWERED
cv-valid-dev/sample-002119.mp3,have her call me back,2,0,,,,3.4,HAVE HER CALL ME BACK
cv-valid-dev/sample-002120.mp3,will you help me,1,0,teens,male,indian,2.7,WILL YOU HELP ME
cv-valid-dev/sample-002121.mp3,down at the office we get all the help we want,1,0,,,,7.1,DOWN AT THE OFFICE WE GET ALL THE HELP WE WANT
cv-valid-dev/sample-002122.mp3,let me speak to her,4,0,thirties,male,england,2.2,LET ME SPEAK TO HER
cv-valid-dev/sample-002123.mp3,two days ago you said that i had never dreamed of travel the merchant answered,2,0,,,,5.7,TWO DAYS AGO YOU SAID THAT I HAD NEVER DREAMED OF TRAVEL THE MERCHANT ANSWERED
cv-valid-dev/sample-002124.mp3,the conquered half of the world on her horse's back,1,0,twenties,male,us,3.2,THE CONQUERED HALF OF THE WORLD ON HER HERSES BACK
cv-valid-dev/sample-002125.mp3,she had no temperature,4,0,thirties,male,us,2.3,SHE HAD NO TEMPERATURE
cv-valid-dev/sample-002126.mp3,the angel touched the man's shoulder and they were both projected far into the future,2,0,,,,7.0,THE ANGEL TOUCHED THE MAN'S SHOULDER AND THEY WERE BOTH PROJECTED FAR INTO THE FUTURE
cv-valid-dev/sample-002127.mp3,she knows it too,1,0,,,,1.6,SHE KNOWS IT TOO
cv-valid-dev/sample-002128.mp3,he dressed in his arabian clothing of white linen bought especially for this day,3,0,sixties,male,england,6.4,HE DRESSED IN HIS ARABIAN CLOTHING OF WHITE LINEN BOUGHT ESPECIALLY FOR THIS DAY
cv-valid-dev/sample-002129.mp3,many telescopes were pointed at it,9,0,,,,2.3,MANY TELESCOPES WERE POINTED AT IT
cv-valid-dev/sample-002130.mp3,tangier is not like the rest of africa,6,0,,,,3.0,TANGIR IS NOT LIKE THE REST OF AFRICA
cv-valid-dev/sample-002131.mp3,and i'd better read your books said the boy,2,0,thirties,female,,6.3,AND I'D BETTER READ YOUR BOOKS SAID THE BOY
cv-valid-dev/sample-002132.mp3,my name's pete davis,1,0,fifties,female,indian,2.4,MY NAME IS BED DAVID
cv-valid-dev/sample-002133.mp3,he saw the boy appear from the other side of the dunes,1,0,twenties,male,,5.1,HE SAW THE BOY APPEAR FROM THE OTHER SIDE OF THE DOONES
cv-valid-dev/sample-002134.mp3,i went stretching my legs clumsily and feeling my way in the dark,4,1,,,,4.6,I WENT STRETCHING MY LEGS CLUMSILY AND FEELING MY WAY IN THE DARK
cv-valid-dev/sample-002135.mp3,and their eyes spoke of death,3,0,,,,2.3,AND THERE I SPOKE OF DEATH
cv-valid-dev/sample-002136.mp3,the monk laughed when he saw me come back in tatters,1,0,fourties,male,england,5.4,THE MONK LAUGHED WHEN HE SAW ME COME BACK IN TATTERS
cv-valid-dev/sample-002137.mp3,we don't know when the war will end so we can't continue our journey he said,3,0,thirties,male,,5.5,WE DON'T KNOW WHEN THE WAR WEEL ENDS FOR WE CAN'T CONTINUE OUR JOURNEY HE SAID
cv-valid-dev/sample-002138.mp3,a drought hit western europe,1,0,thirties,male,canada,2.7,THE DROUGHT HIT WESTERN EUROPE
cv-valid-dev/sample-002139.mp3,the burning fire had been extinguished,3,0,,,,3.4,THE BURNING FIRE HAD BEEN EXTINGUISHED
cv-valid-dev/sample-002140.mp3,he was tense and upset because he knew that the old man was right,4,0,,,,5.9,HE WAS TENSE AND UPSET BECAUSE HE KNEW THAT THE OLD MAN WAS RIGHT
cv-valid-dev/sample-002141.mp3,can i help you asked the man behind the window,2,0,,,,4.1,CAN I HELP YOU ASKED THE MAN BEHIND THE WINDOW
cv-valid-dev/sample-002142.mp3,why there's oceans of room here,1,0,twenties,male,,3.2,WHY DARES OCEANS OF ROOM HERE
cv-valid-dev/sample-002143.mp3,what about the blue one,2,0,,,,2.7,WHAT ABOUT THE BLUE ONE
cv-valid-dev/sample-002144.mp3,to show you one of life's simple lessons the alchemist answered,5,0,,,,5.8,TO SHOW YOU ONE OF LIFE'S SIMPLE LESSONS THE ALCHEMIST ANSWERED
cv-valid-dev/sample-002145.mp3,sara can you read me,1,0,,,,3.2,SARA CAN YOU READ ME
cv-valid-dev/sample-002146.mp3,she told me to write a play for tonight,1,0,thirties,male,,3.1,SHE TOLD ME TO WRITE A PLAY FOR TO NIGHT
cv-valid-dev/sample-002147.mp3,i found a little crowd of about twenty people surrounding the huge hole,4,0,,,,6.0,I FOUND A LITTLE CROWD OF ABOUT TWENTY PEOPLE SURROUNDING THE HUGE HOLE
cv-valid-dev/sample-002148.mp3,i have the money i need to buy my sheep,64,3,,,,4.5,I HAVE THE MONEY I NEED TO BUY MY SHEEP
cv-valid-dev/sample-002149.mp3,they were strange books,10,0,,,,2.8,THEY WERE STRANGE BOOKS
cv-valid-dev/sample-002150.mp3,after two hours he returned to the room where the wise man was,2,0,,,,4.9,AFTER TWO HOURS HE RETURNED TO THE ROOM WHERE THE WISE MAN WAS
cv-valid-dev/sample-002151.mp3,reading between the lines requires understanding,1,0,thirties,female,england,3.5,READING BETWEEN THE LINES REQUIRES UNDERSTANDING
cv-valid-dev/sample-002152.mp3,the alchemist removed the pan from the fire and set it aside to cool,1,0,thirties,female,england,5.2,THE ALCHEMIST REMOVED THE PAN FROM THE FIRE AND SET IT ASIDE TO CALL
cv-valid-dev/sample-002153.mp3,i just want to dream about mecca,1,0,,,,3.2,I JUST WANT A DREAM ABOUT MAICA
cv-valid-dev/sample-002154.mp3,i was right there and saw it with my own eyes,2,0,,,,3.7,I WAS RIGHT THERE AND SAW IT WITH MY OWN EYES
cv-valid-dev/sample-002155.mp3,don't ask me why i don't know why,4,0,,,,3.2,DON'T ASK ME WHY I DON'T KNOW WHY
cv-valid-dev/sample-002156.mp3,after writing a bug report one should regularly check if someone responded,1,0,fourties,male,us,4.9,AFTER WRITING A BUG REPORT ONE SHOULD REGULARLY CHECK IF SOME ONE RESPONDED
cv-valid-dev/sample-002157.mp3,and you married her,2,0,,,,2.5,AND YOU MERRIET HER
cv-valid-dev/sample-002158.mp3,lighthouses in a foggy world,2,1,thirties,male,us,3.4,LIGHTHOUSES IN FOGGY WORLD
cv-valid-dev/sample-002159.mp3,learn to recognize omens and follow them the old king had said,3,0,,,,5.2,LEARN TO RECOGNIZE OMENS AND FOLLOW THEM THE OLD KING HAD SAID
cv-valid-dev/sample-002160.mp3,from there he could see africa in the distance,6,0,,,,3.8,FROM THERE HE COULD SEE AFRICA IN THE DISTANCE
cv-valid-dev/sample-002161.mp3,i ain't gonna squeal,1,0,,,,1.6,I AIN'T GOINE A SQUEAL
cv-valid-dev/sample-002162.mp3,we can't leave greg here,2,0,,,,3.4,WE CAN'T LEAVE GREG HERE
cv-valid-dev/sample-002163.mp3,i was scared but wasted no time in going out and crossing the bridge to the sand pits,3,0,,,,10.1,I MIS CARED BUT WAITE NO TIME IN GOING OUT AND CROSSING THE BRIDGE TO THE SAND PINTS
cv-valid-dev/sample-002164.mp3,i'm just a man who wanders the desert and knows the stars said the alchemist,1,0,,,,6.0,I AM JUST A MAN FOR WANDERERS IS A DESERT AND KNOWS THE STARS SADES ALCHEMISTS
cv-valid-dev/sample-002165.mp3,on the first day he returned with a rabbit and on the second with two birds,2,0,twenties,female,us,6.5,ON THE FIRST DAY HE RETURNED WITH A RABBIT AND ON THE SECOND WITH TWO BIRDS
cv-valid-dev/sample-002166.mp3,be sure you spell the name right,1,0,thirties,male,us,2.5,BE SURE YOU SPELLED THE NAME RIGHT
cv-valid-dev/sample-002167.mp3,it must have fallen while i was sitting over there,2,1,,male,us,3.3,I MUST HAVE FALLEN WHILE I WAS SITTING OVER THERE
cv-valid-dev/sample-002168.mp3,i hold the power of life and death for every person i take with me,2,0,thirties,male,us,4.3,I HOLD THE POWER OF LIFE AND DEATH FOR EVERY PERSON I TAKE WITH ME
cv-valid-dev/sample-002169.mp3,i was impatient to see it opened,2,0,,,,2.9,I WAS IMPATIENT TO SEE IT OPENED
cv-valid-dev/sample-002170.mp3,his grandfather was a snake,2,0,thirties,female,england,2.8,HIS GRANDFATHER WAS A SNAKE
cv-valid-dev/sample-002171.mp3,i thought about the difficulties in translation that might arise,4,1,,,,4.2,I THOUGHT ABOUT THE DIFFICULTIES IN TRANSLATION THAT MIGHT ARISE
cv-valid-dev/sample-002172.mp3,the train lines provided an easy path to follow,1,0,twenties,male,,3.4,THE TRAIN LINES PROVIDED AN EASY PATH TO FOLLOW
cv-valid-dev/sample-002173.mp3,i felt a chill down my spine,1,0,thirties,female,canada,3.3,I FELT A CHILL DOWN MY SPINE
cv-valid-dev/sample-002174.mp3,it was engineering at its finest,2,0,,,,2.3,IT WAS ENGINEERING AT ITS FINENESS
cv-valid-dev/sample-002175.mp3,about eleven i walked back to my home in maybury because nothing seemed to be happening,2,1,,,,5.9,ABOUT ELEVEN I WALK BACK TO MY HOME E MA BORY BECAUSE NOTHING SEEMED TO BE HAPPY
cv-valid-dev/sample-002176.mp3,you wanna take this outside,5,0,,,,4.3,YO HONOT HATELESS OUTSIDE
cv-valid-dev/sample-002177.mp3,they formed heaps that are visible a mile and a half away,3,0,twenties,male,us,3.6,THEY FORMED HEAPS THAT ARE VISIBLE A MILE AND A HALF AWAY
cv-valid-dev/sample-002178.mp3,where does she get that stuff,2,1,,,,1.5,WHAT SHE GIT AS
cv-valid-dev/sample-002179.mp3,excuse me nudism is not allowed at this part of the beach,2,0,,,,4.4,EXCUSE ME NEDIS MIIS NOT A LOWEDANTIS PART OF THE BEACH
cv-valid-dev/sample-002180.mp3,'m all about those invisible cosmic connections that transcend time and distance,4,0,,,,9.7,I'M ALL ABOUT THOSE INVISIBLE COSMIC CONNECTIONS THAT TRANSCEND TIME AND DISTANCE
cv-valid-dev/sample-002181.mp3,think i'll go home and see what the family is doing,1,0,teens,male,us,3.7,THENK I'LL GO HOME AND SEE WHAT THE FAMILY IS DOING
cv-valid-dev/sample-002182.mp3,since then i haven't been able to get another one,1,0,,,,5.4,SINCE THEN I HAVEN'T BEEN ABLE TO GET ANOTHER ONE
cv-valid-dev/sample-002183.mp3,from the railway station in the distance came the sound of trains ringing and rumbling,3,0,,,,6.0,FROM THE RAILWAY STATION THE DISTANCE CAME THE SCEND OF TREMS RINGING AND RUMBLING
cv-valid-dev/sample-002184.mp3,please bring mama back,3,0,fourties,male,england,2.3,PLEASE BRING MAMMA BACK
cv-valid-dev/sample-002185.mp3,it looked like a rusty gas float,3,1,twenties,male,england,3.3,IT LOOKED LIKE A RUSTY GAS FLOAT
cv-valid-dev/sample-002186.mp3,everyone seemed very excited,2,0,,,,3.9,EVERYONE SEEMED VERY EXCITED
cv-valid-dev/sample-002187.mp3,i myself heard nothing of that,1,0,,,,3.1,I MYSELF HEARD NOTHING OF THAT
cv-valid-dev/sample-002188.mp3,the old woman had said the same thing,3,0,,,,4.6,THE OLD WOMAN HAD SAID THE SAME TING
cv-valid-dev/sample-002189.mp3,it was only when i got this close to it that the strangeness of it was at all evident to me,13,1,,,,6.4,IT WAS ONLY WHEN I GOT THIS CLOSE TO IT THAT THE STRANGENESS OF IT WAS AT ALL EVIDENT TO ME
cv-valid-dev/sample-002190.mp3,may i go in and see him,1,0,fourties,male,england,2.7,MAY I GO AND SEE HIM
cv-valid-dev/sample-002191.mp3,the monk laughed when he saw me come back in tatters,2,0,,,,4.0,THE MONK LAUGHED WHEN HE SAW ME COME BACK IN TATTERS
cv-valid-dev/sample-002192.mp3,so what do you want of me the sun asked,3,0,teens,male,england,3.6,SO WHAT DO YOU WANT OF ME THE SUN ASKED
cv-valid-dev/sample-002193.mp3,they were relieved and happy,6,2,,,,2.5,THEY WERE RELIEVED AND HAPPY
cv-valid-dev/sample-002194.mp3,the priest collapsed backwards,1,0,,,,2.6,THE PRIEST COLLAPSED BACKWARDS
cv-valid-dev/sample-002195.mp3,the levanter increased in intensity,1,0,twenties,male,indian,3.7,THE LAVANDER INCREASED IN INDAN CITY
cv-valid-dev/sample-002196.mp3,don't you understand french,1,0,fourties,male,us,3.9,DON'T YOU UNDERSTAND FRENCH
cv-valid-dev/sample-002197.mp3,i found a little crowd of about twenty people surrounding the huge hole,2,0,,,,3.9,I FOUND A LITTLE CROWD OF ABOUT TWENTY PEOPLE SURROUNDING THE HUGE HOLE
cv-valid-dev/sample-002198.mp3,i'm already used to the way things are,11,0,teens,male,,2.2,I AM ALREADY USED TO THE WAY THINGS ARE
cv-valid-dev/sample-002199.mp3,all that time the martians must have been getting ready,5,1,,,,5.5,ALL THAT TIME THE MARTIANS MUST HAVE BEEN GETTING READY
cv-valid-dev/sample-002200.mp3,you know what i mean,1,0,fourties,male,england,2.2,YOU KNOW WHAT I MEAN
cv-valid-dev/sample-002201.mp3,we're in no hurry the chief answered,2,1,twenties,male,indian,4.3,WE ARE IN NO HURRY THE CHIEF ANSWER
cv-valid-dev/sample-002202.mp3,coach has heard all about you,1,0,fifties,female,indian,3.5,COURCH HAS HEARD ALL ABOUT
cv-valid-dev/sample-002203.mp3,don't try to move,1,0,twenties,male,,2.1,DON'T TRY TO MOVE
cv-valid-dev/sample-002204.mp3,isnt this a parameter of the method,1,0,twenties,male,us,2.3,ISN'T THIS A PAROMETER OF THE METHOD
cv-valid-dev/sample-002205.mp3,he wanted to forget about the vision and return to his meditation,62,12,,,,6.6,HE WANTED TO FORGET ABOUT THE VISION AND RETURNED TO HIS MEDITATION
cv-valid-dev/sample-002206.mp3,which one of these men is it,2,0,fourties,male,england,4.8,WHICH ONE OF THESE MEN IS IT
cv-valid-dev/sample-002207.mp3,did you hear what i said,2,0,,,,3.0,DID YOU HEAR WHAT I SAID
cv-valid-dev/sample-002208.mp3,i do the best i can to help,2,0,fourties,male,,2.6,I DO THE BEST I CAN TO HELP
cv-valid-dev/sample-002209.mp3,there were raised voicesand some sort of struggle appeared to be going on ,3,0,,,,5.4,THEN WERE RAISED VOICES AND SOME SORTS OF STRUGGLE APPEARED TO BE GOING ON
cv-valid-dev/sample-002210.mp3,i haven't been able to shake him since,1,0,twenties,male,,2.4,I HAVEN'T BEEN ABLE TO SHAKE HIM SINCE
cv-valid-dev/sample-002211.mp3,we always observe the tradition,1,0,thirties,male,,2.6,WE ALWAYS OBSERVED THE TRADITION
cv-valid-dev/sample-002212.mp3,i have known true alchemists the alchemist continued,2,0,,,,3.8,I HAVE KNOWN TRUE ARCHIMISTS D ARCHIMIST CONTINUED
cv-valid-dev/sample-002213.mp3,what'll it take till the bank reopens,1,0,,,,3.9,WHAT'LL IT TAKE TILL THE BANK REOPENS
cv-valid-dev/sample-002214.mp3,she needs to get her transcripts and passport first,1,0,,,,3.4,SHE NEEDS TO GET HER TRANSCRIPTS AND PASSPORT FIRST
cv-valid-dev/sample-002215.mp3,do you know someone here who cures people's illnesses the boy asked,3,0,,,,6.0,DO YOU KNOW SOMEONE HERE WHO CURES PEOPLE'S ILLNESSES THE BOY ASKED
cv-valid-dev/sample-002216.mp3,my name's pete davis,1,0,fifties,male,england,3.3,MY NAME'S PETE DAVIS
cv-valid-dev/sample-002217.mp3,for a moment everything was dark and scary,1,0,,,,4.1,FOR A MOMENT EVERYTHING WAS DARK AND SCARY
cv-valid-dev/sample-002218.mp3,there was a time when for me a camel's whinnying was nothing more than whinnying,3,1,,,,6.8,THERE WAS A TIME WHEN FOR ME A CAMEL'S WHINNYING WAS NOTHING MORE THAN WINNING
cv-valid-dev/sample-002219.mp3,i was torn between fear and curiosity,2,1,fourties,male,us,5.4,IT WAS TARM BETWEEN FEAR AND CURIOSITY
cv-valid-dev/sample-002220.mp3,the thought was so dreadful to him that he forgot about the heat and went forward,2,1,teens,female,us,5.7,THE TALK WAS SO DRATEFUL TO HIM THAT HE FORGOT ABOUT THE HEAT AND WENT FON
cv-valid-dev/sample-002221.mp3,sometimes there's just no way to hold back the river,2,0,fifties,female,us,3.7,SOMETIMES THERE'S JUST NO WAY TO HOLD BACK THE RIVER
cv-valid-dev/sample-002222.mp3,when you are loved you can do anything in creation,3,0,twenties,female,us,4.7,WHEN YOU ARE LOVED YOU CAN DO ANYTHING IN CREATION
cv-valid-dev/sample-002223.mp3,albert didn't have a brother,2,0,,,,2.2,ALBERT DIDN'T HAVE A BROTHER
cv-valid-dev/sample-002224.mp3,i'm a desert woman and i'm proud of that,3,0,twenties,male,ireland,3.1,I'M A DESERT WOMAN AND I'M PROUD OF THAT
cv-valid-dev/sample-002225.mp3,he didn't need to seek out the old woman for this,3,0,,,,4.7,HE DIDN'T NEED TO SEEK OUT THE OLD WOMAN FOR THIS
cv-valid-dev/sample-002226.mp3,and you know it as well as i do,1,0,thirties,male,us,3.9,AND YOU KNOW IT AS WELL AS I DO
cv-valid-dev/sample-002227.mp3,with the wars between the tribes it's impossible to cross the desert,2,0,,,,18.5,WITH THE WARS BETWEEN THE TRIBES IT'S IMPOSSIBLE TO CROSS THE DESERT
cv-valid-dev/sample-002228.mp3,i thought about the difficulties in translation that might arise,5,0,twenties,male,us,6.0,I THOUGHT ABOUT THE DIFFICULTIES AND TRANSLATION THAT MIGHT ARISE
cv-valid-dev/sample-002229.mp3,i don't understand what you're talking about the desert said,3,0,,,,2.9,I DON'T UNDERSTAND WHAT YOU'RE TALKING ABOUT THE DESERT SAID
cv-valid-dev/sample-002230.mp3,in any case the desert was impassable,3,0,,,,4.2,IN ANY CASE THE DESERT WAS IMPASSABLE
cv-valid-dev/sample-002231.mp3,you could have died after peace had been declared,1,0,,,,4.1,YOU COULD HAVE DIED AFTER PEACE HAD BEEN DECLARED
cv-valid-dev/sample-002232.mp3,they forgot that lead copper and iron have their own destinies to fulfill,3,0,fourties,female,us,6.3,THEY FORGET THAT LEAD COPPER AND IRON HAVE THEIR OWN DESTINIES TO FULFIL
cv-valid-dev/sample-002233.mp3,i am here the boy said,2,1,fifties,male,,3.0,I'M HERE THE BOY SAID
cv-valid-dev/sample-002234.mp3,not what you'd call rich,1,0,,,,4.1,NOT WHAT YOU'D CALL RICH
cv-valid-dev/sample-002235.mp3,now give us sixty days on this,1,0,twenties,male,,2.9,NO HE RESS SIXTY DAYS ONES
cv-valid-dev/sample-002236.mp3,the shop folks were taking down their shutters and people were opening their bedroom windows,3,0,,,,5.1,THE SHOP FOLKS WERE TAKING DOWN THEIR SHUTTERS AND PEOPLE WERE OPENING THEIR BEDROOM WINDOWS
cv-valid-dev/sample-002237.mp3,he brought six sheep with him,2,0,fifties,male,us,5.1,HE BROUGHT SIX SHEEP WITH HIM
cv-valid-dev/sample-002238.mp3,the levanter increased in intensity,1,0,,,,3.5,THE LAVANTER INCREASED IN INTENSITY
cv-valid-dev/sample-002239.mp3,he approached the mass and was surprised at the size and the shape,3,0,,,,5.0,HE APPROACHED THE MASS AND WAS SURPRISED AT THE SIZE AND THE SHAPE
cv-valid-dev/sample-002240.mp3,it's like the camel driver said 'eat when it's time to eat,1,0,,,,6.5,IT'S LIKE THE CAMEL DRIVER SAID EAT WHEN IT'S TIME TO EAT
cv-valid-dev/sample-002241.mp3,there was very little talking,8,0,fifties,male,us,3.6,THERE WAS VERY LITTLE TALKING
cv-valid-dev/sample-002242.mp3,i have had the same dream twice he said,3,1,twenties,male,england,3.1,I HAVE HAD THE SAME DREAM TWICE HE SAID
cv-valid-dev/sample-002243.mp3,then he realized that he had been distracted for a few moments looking at the sword,3,0,,,,4.7,ONLY REALIZED THAT HAD BEEN DESTRUCTIVE FOR A FEW MOMENTS LOOKING AT THE SWORD
cv-valid-dev/sample-002244.mp3,even then he hardly understood what this meant,2,1,,,,2.9,EVEN THEN HE HARDLY UNDERSTOOD WHAT THIS MEANT
cv-valid-dev/sample-002245.mp3,then suddenly he noticed it with a start,7,1,twenties,male,us,2.8,THEN SUDDENLY HE NOTICED IT WITH A START
cv-valid-dev/sample-002246.mp3,if i had told you you wouldn't have seen the pyramids,3,0,twenties,male,us,4.0,IF I HAD TOLD YOU YOU WOULDN'T HAVE SEEN THE PYRAMIDS
cv-valid-dev/sample-002247.mp3,he remembered what the old man had said about offering something you didn't even have yet,2,0,twenties,male,,6.3,HE REMEMBERED WHAT THE OLD MAN SAID BUT OFFERING SOMETHING HE DIDN'T HAVEN A HAVE YET
cv-valid-dev/sample-002248.mp3,it's candice now on long distance from washington,1,0,sixties,male,us,6.6,ITS CANDIS NOW ON LONG DISTANCE FROM WASHINGTON
cv-valid-dev/sample-002249.mp3,even the guides spoke very little to one another,1,0,,,,5.3,EVEN THE GUIDES SPOKE VERY LITTLE TO ONE ANOTHER
cv-valid-dev/sample-002250.mp3,it's a simple story,1,0,thirties,male,england,2.3,IT'S A SIMPLE STORY
cv-valid-dev/sample-002251.mp3,she'll be back in a second,2,0,,,,4.7,SHE'LL BE BACK IN A SECOND
cv-valid-dev/sample-002252.mp3,it considers the horizontal dimension as time,5,1,thirties,male,england,6.1,ED CONSURUS THEIR HORIZONTAL DIMENSION AS TIME
cv-valid-dev/sample-002253.mp3,they enjoyed the silence,2,0,,,,2.8,THEY ENJOYED THE SILENCE
cv-valid-dev/sample-002254.mp3,i heard a peculiar humming sound from the pit,2,1,,,,4.1,I HEARD A PECULIAR HUMMING SOUND FROM THE PET
cv-valid-dev/sample-002255.mp3,about eleven i walked back to my home in maybury because nothing seemed to be happening,7,0,thirties,male,us,5.5,ABOUT ELEVEN I WALKED BACK TO MY HOME IN MAYBURY BECAUSE NOTHING SOON BE HAPPENING
cv-valid-dev/sample-002256.mp3,he won't leave the circle,2,0,,,,4.1,HE WON'T LEAVE THE CIRCLE
cv-valid-dev/sample-002257.mp3,the boy was surprised and then irritated,3,0,,female,canada,3.7,THE BOY WAS SURPRISED AND THEN IRRITATED
cv-valid-dev/sample-002258.mp3,but then he remembered that he wasn't going to have to pay anything,3,0,,,,5.3,BUT THEN HE REMEMBERED THAT HE WASN'T GOING TO HAVE TO PAY ANYTHING
cv-valid-dev/sample-002259.mp3,a large piece suddenly came off and fell with a loud and sharp noise,5,0,,,,4.8,A LARGE PIECE SUDDENLY CAME OFF AND FILLED WITH A LOUD AND SHARP NOISE
cv-valid-dev/sample-002260.mp3,my tax dollars pay for those public school proms,1,0,,,,4.1,MY TEXTNA LOFE PAY FOR THE OF ITS SCHOOL PROBLES
cv-valid-dev/sample-002261.mp3,a line of flame high can be seen in the atmosphere,1,0,,,,3.7,A LINE OF FLAME HIGH CAN BE SEEN IN THE ATMOSPHERE
cv-valid-dev/sample-002262.mp3,i don't trust anybody,1,0,,,,3.3,I DON'T TRUST ANYBODY
cv-valid-dev/sample-002263.mp3,why was it that he wanted the boy to serve as his instrument,4,0,fourties,male,us,4.7,WHY WAS IT THAT HE WANTED THE BOY TO SERVE AS HIS INSTRUMENT
cv-valid-dev/sample-002264.mp3,no one paid any attention to the two travelers,2,0,twenties,female,us,5.3,NO ONE PAID ANY ATTENTION TO THE TWO TRAVELLERS
cv-valid-dev/sample-002265.mp3,they looked for the fallen mass but found nothing,3,0,,,,2.9,THEY LOOKED FOR THE FALLEN MASS BUT FOUND NOTHING
cv-valid-dev/sample-002266.mp3,where's the old goat,2,0,,,,2.6,WHERE'S THE OLD GOULD
cv-valid-dev/sample-002267.mp3,they rode for the entire day,1,0,thirties,male,australia,2.8,THEY RODE FOR THE ENTIRE DAY
cv-valid-dev/sample-002268.mp3,we're just travelers the alchemist answered,1,0,,,,3.1,WE ARE JUST TRAVELERS THE ICAMIST ANSWERED
cv-valid-dev/sample-002269.mp3,hires two personal trainers and make one of them train the other one,1,0,sixties,female,african,5.8,HIGH AS TWO PERSONAL TRAIN IS AND MAKES ONE OF THEM TRAIN YELLOW ONE
cv-valid-dev/sample-002270.mp3,i'm surprised the boy said,1,0,,,,3.4,I AM SURPRISED THE BOY SAID
cv-valid-dev/sample-002271.mp3,he couldn't have been wrong,9,0,thirties,male,england,2.9,HE COULDN'T HAVE BEEN WRONG
cv-valid-dev/sample-002272.mp3,and the leader posted armed sentinels at the fringes of the group,3,0,fourties,male,england,5.3,AND THE LEADER POSTED ARMED SENTINOLS AT THE FRINGES OF THE GROOV
cv-valid-dev/sample-002273.mp3,you'd better start right now,2,0,,,,2.4,YOU'D BETTER START RIGHT NOW
cv-valid-dev/sample-002274.mp3,it means my job,1,0,,,,4.1,IT MEANS MY JOB
cv-valid-dev/sample-002275.mp3,i thought the unscrewing might be automatic,3,1,fifties,male,us,3.1,I THOUGHT THE UNSCREWING MIGHT BE AUTOMATIC
cv-valid-dev/sample-002276.mp3,but the boy never took his eye off his new friend,3,0,twenties,male,philippines,4.1,BUT THE BOY NEVER TOOK HIS EYE OFF HIS MEW FRIEND
cv-valid-dev/sample-002277.mp3,gotta be gentle to suit me,2,0,fifties,male,us,4.1,THET GONTO BE GENTLE TO SIDME
cv-valid-dev/sample-002278.mp3,half an hour later his shovel hit something solid,3,0,,,,4.4,HALF AN HOUR LATER HIS SHOVEL HIT SOMETHING SOLID
cv-valid-dev/sample-002279.mp3,he got up early with the idea of finding it,3,0,,,,3.7,HE GOT UP EARLY WITH THE IDEA OF FINDING IT
cv-valid-dev/sample-002280.mp3,he had not a cent in his pocket but he had faith,8,1,,,,4.2,HE HAD NOT A SCENT IN HIS POCKET BUT HE HAD FATE
cv-valid-dev/sample-002281.mp3,he thought that with some patience he'd be able to transform everything into gold,2,0,,,,10.0,HE THOUGHT THAT WITH SOME PATIENCE HE HAD BE ABLE TO TRANSFORM EVERY THING INTO GOWD
cv-valid-dev/sample-002282.mp3,the boy was strong and wanted to retaliate but he was in a foreign country,1,0,,,,8.1,THE BOY WAS STRONG AND WANTED TO RETELIATE BUT HE WAS IN A FOREIGN COUNTRY
cv-valid-dev/sample-002283.mp3,he almost began to tell about his treasure but decided not to do so,4,0,thirties,female,us,5.9,HE ALMOST BEGAN TO TELL ABOUT HIS TREASURE BUT DECIDED NOT TO DO SO
cv-valid-dev/sample-002284.mp3,it was a pleasant change from talking to his sheep,2,0,,,,4.5,IT WAS A PLEASANT CHANGE FROM TALKING TO HIS SHEEP
cv-valid-dev/sample-002285.mp3,they had gone away to breakfast at henderson's house,2,0,,,,4.6,THEY HAD GONE AWAY TO BREAKFAST AT HENDERSON'S HOUSE
cv-valid-dev/sample-002286.mp3,the money is unimportant,1,0,,,,3.1,DE MONEY IS UNEMPARTANT
cv-valid-dev/sample-002287.mp3,the police finally manage to get him out of the park,2,0,,,,4.0,THE POLICE FINALLY MANAGED TO GET HIM OUT OF THE PARK
cv-valid-dev/sample-002288.mp3,henderson went into the railway station to telegraph the news to london,3,0,,,,4.9,HENDERSON WENT INTO THE RAILWAY STATION TO TELEGRAPH THE NEWS O LONDON
cv-valid-dev/sample-002289.mp3,hundreds of observers saw the flame that night and the night after,3,0,,,,4.7,HUNDREDS OF OBSERVERS SAW THE FLAME THAT NIGHT AND THE NIGHT AFTER
cv-valid-dev/sample-002290.mp3,it must be some kind of a gag,1,0,twenties,male,us,2.5,IT MUST BE SOME KIND OF A GAG
cv-valid-dev/sample-002291.mp3,you haven't got your wings yet,1,0,fifties,female,,3.0,YOU HAVEN'T GOT YOUR WINGS YET
cv-valid-dev/sample-002292.mp3,he was excited and at the same time uneasy maybe the girl had already forgotten him,3,0,teens,female,us,5.9,HE WAS EXCITED AND AT THE SAME TIME UNEASY MAYBE THE GIRL HAD ALREADY FORGOTTEN HIM
cv-valid-dev/sample-002293.mp3,the tribal chieftain called for the boy and presented him with fifty pieces of gold,2,1,,,,6.6,DOTRIBALD CHEFTAINE CALLED FOR THE BOY AND PRESENTED HIM WITH FIFTY PIECES OF GOLD
cv-valid-dev/sample-002294.mp3,next time we are going to do it differently,1,0,twenties,male,,3.0,NEXT TIME WE'RE GOING TO DOIT DIFFERENTLY
cv-valid-dev/sample-002295.mp3,if what one finds is made of pure matter it will never spoil,1,0,,,,4.2,IF WHAT ONE FINDS IS MADE OF PURE MATTER IT WILL NEVER SPOIL
cv-valid-dev/sample-002296.mp3,do you have anything to eat,1,0,,,,9.3,DO YOU HAVE ANYTHING TO EAT THAT'S GREAT NOW ONE
cv-valid-dev/sample-002297.mp3,but men began to reject simple things and to write tracts interpretations and philosophical studies,3,1,,,,9.4,BUT MEN BEGAN TO REJECT SIMPLE THINGS AND TO WRITE TRACTS INTERPRETATIONS AND PHILOSOPHICAL STUDIES
cv-valid-dev/sample-002298.mp3,people saw me coming and welcomed me he thought,1,0,twenties,male,,3.7,PEOPLE SAW ME COMING AND WELCOMED ME HE SOUGHED
cv-valid-dev/sample-002299.mp3,i'm afraid that if my dream is realized i'll have no reason to go on living,4,0,sixties,male,canada,6.9,I'M AFRAID THAT IF MY DREAM IS REALIZED I'LL HAVE NO REASON TO GO ON LIVING
cv-valid-dev/sample-002300.mp3,the thing itself was almost entirely buried in sand,3,0,twenties,male,,4.4,THE FINK ITSELF AS ALMOST ENTIRELY BURIED IN SAND
cv-valid-dev/sample-002301.mp3,venus is far too hot for exploration,1,0,twenties,male,us,3.2,VENUS IS FAR TOO HOT FOR EXPLORATION
cv-valid-dev/sample-002302.mp3,ogilvy told him everything that he had seen,4,0,,,,3.3,OGLFI TOLD HIM EVERYTHING THAT HE'D SEEN
cv-valid-dev/sample-002303.mp3,you should see the other guy specifically how good at fighting he is,1,0,,,,7.5,YOU SHOULD SEE THE OTHER GUY SPECIFICALLY HOW GOOD AT FIGHTING HE IS
cv-valid-dev/sample-002304.mp3,they shouted consolation and promises and went off back to the town again to get help,7,0,sixties,female,us,7.4,THEY SHOUTED CONSOLATION AND PROMISES AND WENT OFF BACK TO THE TOWN AGAIN TO GET HELP
cv-valid-dev/sample-002305.mp3,after all he had all his money,1,0,,,,5.2,AFTER ALL HE HAD ALL HIS MONEY
cv-valid-dev/sample-002306.mp3,and this is for me said the alchemist keeping one of the parts,10,0,,,,4.8,AND THIS IS FOR ME SAID THE ALCHEMIST KEEPING ONE OF THE PARTS
cv-valid-dev/sample-002307.mp3,this puts me in a peculiar hole,2,0,twenties,male,canada,2.8,THIS PUTS ME IN A PECULIAR HOLE
cv-valid-dev/sample-002308.mp3,and she already has her treasure it's you,3,0,,,,4.1,AND SHE ALREADY HAS HER TREASURE IT'S YOU
cv-valid-dev/sample-002309.mp3,like everybody learns he said,1,0,teens,male,us,3.4,LIKE EVERYBODY LEARNS HE SAID
cv-valid-dev/sample-002310.mp3,he was older and was carrying a small bucket,2,0,,,,3.5,HE WAS OLDER AND CARRYING A SMALL BUCKET
cv-valid-dev/sample-002311.mp3,the old man returned the book to the boy,2,0,,,,4.4,THE OLD MAN RETURNED THE BOOK TO THE BOY
cv-valid-dev/sample-002312.mp3,finally a young woman approached who was not dressed in black,2,0,,,,6.4,FINALLY A YOUNG WOMAN APPROACHED WHO WAS NOT DRESSED IN BLACK
cv-valid-dev/sample-002313.mp3,let's dance,1,0,twenties,male,us,1.8,WHAT'S DANCE
cv-valid-dev/sample-002314.mp3,he took the fourth part and handed it to the monk,2,0,,,,5.7,HE TOOK THE FOURTH PART AND HANTED IT TO DE MONK
cv-valid-dev/sample-002315.mp3,between roast beef and potatoes how can we lose,2,0,thirties,male,,3.3,BETWEEN ROAST BEEF AND POTATOES HOW CAN WE LOSE
cv-valid-dev/sample-002316.mp3,it was a cobra whose venom could kill a person in minutes,1,0,thirties,female,england,4.0,IT WAS A COBERE WHOSE VENOM COULD KILL A PERSON IN MINUTES
cv-valid-dev/sample-002317.mp3,i suppose that's true in a way,1,0,,,,3.2,I SUPPOSE THAT'S TRUE ANAWE
cv-valid-dev/sample-002318.mp3,whenever he saw the sea or a fire he fell silent impressed by their elemental force,1,0,,,,7.5,WHENEVER HE SAW THE SEA OR A FIRE HE FELL SILENT IMPRESSED BY THEIR ELEMENTAL FORCE
cv-valid-dev/sample-002319.mp3,how'd you happen to fall in,1,0,,,,2.9,HOW DO YOU HAPPEN TO FALL IN
cv-valid-dev/sample-002320.mp3,the omens will begin insistently to speak of it and you'll try to ignore them,1,0,,,,7.6,THE OMENS WILL BEGIN INSISTENTLY TO SPEAK OF IT AND YOU WILL TRY TO IGNORE THEM
cv-valid-dev/sample-002321.mp3,the steel of its blade glittered in the light of the moon,5,0,,,,3.6,THE STEEL OF ITS BLADE GLITTERED IN THE LIGHT OF THE MOON
cv-valid-dev/sample-002322.mp3,i find the other argument dubious,2,0,fifties,female,indian,3.1,I FIND THE OTHER ARGUMENT DUBIOUS
cv-valid-dev/sample-002323.mp3,the boy thought about the crystal merchant,2,0,,,,3.9,THE BOY THOUGHT ABOUT THE CRYSTAL MERCHANT
cv-valid-dev/sample-002324.mp3,it's a code said the boy a bit disappointed,2,0,,,,4.9,IT'S A CODE SAID THE BOY A BIT DISAPPOINTED
cv-valid-dev/sample-002325.mp3,you have been a real blessing to me,1,0,,,,3.2,YOU HAVE BEEN A REAL BLESSING TO ME
cv-valid-dev/sample-002326.mp3,but they were not there,3,0,,,,2.0,BUT THEY WERE NOT THERE
cv-valid-dev/sample-002327.mp3,yet each felt his heart beat a bit faster,2,0,thirties,female,us,3.9,YET EACH FELT HIS HEART BEAT A BIT FASTER
cv-valid-dev/sample-002328.mp3,isn't it just beautiful,1,0,,,,3.2,IM IT DOTH BEAUTIFUL
cv-valid-dev/sample-002329.mp3,they were men of the desert and they were fearful of sorcerers,3,0,,,,4.8,THEY WERE MEN OF A DESERT AND THEY WERE FEARFUL OF SORCERERS
cv-valid-dev/sample-002330.mp3,he sat looking at the sky for a long time,1,0,,,,4.2,HE SAT LOOKING AT DUSKAI FOR A WLONG TIME
cv-valid-dev/sample-002331.mp3,a thin circle of bright metal showed between the top and the body of the cylinder,2,0,thirties,male,england,5.6,A FIFTH CIRCLE OF BRIGHT METAL SHOWED BETWEEN THE TOP AND THE BODY OF THE CYLINDER
cv-valid-dev/sample-002332.mp3,i don't like coconuts,1,0,,,,5.7,I DON'T LIKE COCOANUTS
cv-valid-dev/sample-002333.mp3,then the thing came upon him in a flash,3,0,,,,3.1,THEN THE THING CAME UPON HIM IN A FLASH
cv-valid-dev/sample-002334.mp3,then the old man began to inspect the sheep and he saw that one was lame,1,0,,,,4.1,THEN THE OLD MAN BEGAN TO INSPECT THE SHEEP AND HE SAW THAT ONE WAS LAME
cv-valid-dev/sample-002335.mp3,and i say maybe you both have it,1,0,,,,4.4,AN ASAY MAYBE YOU BO FAVID
cv-valid-dev/sample-002336.mp3,i wished i had a light to smoke by,4,0,,,,5.0,I WISHED I HAD A LIGHT TO SMOKE MINE
cv-valid-dev/sample-002337.mp3,there wasn't much impetus to finish our chores,2,0,fourties,male,england,3.5,THERE WASN'T MUCH IMPETUS TO FINISH OUR CHARS
cv-valid-dev/sample-002338.mp3,his soul must be too primitive to understand those things he thought,1,0,fourties,male,us,4.7,HIS SOUL MUST BE TOO PRIMITIVE TO UNDERSTAND THOSE THINGS HE THOUGHT
cv-valid-dev/sample-002339.mp3,my mother just called you,1,0,twenties,male,us,2.4,MY MOTHER JUST CALLED YOU
cv-valid-dev/sample-002340.mp3,the war is going to end someday the girl said,1,0,,,,5.9,THE WAR IS GOING TO END SOME DAY THE GIRL SAID
cv-valid-dev/sample-002341.mp3,html is not a programming language,1,0,twenties,male,us,2.7,H FEMEL IS NOT A PROGRAMMING LANGUAGE
cv-valid-dev/sample-002342.mp3,strange images passed through my mind,4,3,,,,4.7,STRANGE IMAGES PASSED THROUGH MY MIND
cv-valid-dev/sample-002343.mp3,there was a small building there with a window at which people bought tickets to africa,2,1,,,,6.0,THERE WAS A SMALL BUILDING THERE WITH A WINDOW AT WHICH PEOPLE BOUGHT TICKETS TO AFRICA
cv-valid-dev/sample-002344.mp3,drop the whole business quickly,2,0,,,,3.7,DROP THE WHOLE BUSINESS QUICKLY
cv-valid-dev/sample-002345.mp3,he just got a new kite for his birthday,2,0,,,,4.5,HE JUST CALLED A NEW KITE FOR HIS BIRTDAY
cv-valid-dev/sample-002346.mp3,these headphones play music very clearly in my ears,2,0,,,,4.9,THESE HATFHOMS PLAYED MUSIC VERY CLEARLY IN MY EARS
cv-valid-dev/sample-002347.mp3,i've just sworn in four hundred deputies,1,0,,,,3.1,I'VE JUST SWORN IN FOUR HUNDRED DEPUTIES
cv-valid-dev/sample-002348.mp3,i'm going into the desert the man answered turning back to his reading,2,0,,,,5.1,I AM GOING INTO THE DESERT MAN ANSET TURNING BACK TO HIS READING
cv-valid-dev/sample-002349.mp3,that's what i did before i married charles,1,0,,,,4.0,THAT'S WHAT I DID BEFORE Y MARRIED CHARLES
cv-valid-dev/sample-002350.mp3,the driver got knocked cold,2,0,,,,2.9,THE DRIVER GOT KNOCKED COLD
cv-valid-dev/sample-002351.mp3,it's the oasis said the camel driver,3,0,,,,3.3,ETSE OISSUS SAID THE CAMEL DRIVER
cv-valid-dev/sample-002352.mp3,the letter ain't worth nothing,1,0,,,,2.3,THE LETTER AIN'T WORTH NOTHING
cv-valid-dev/sample-002353.mp3,why do you want to find that sort of person the arab asked,3,0,twenties,male,indian,5.7,WHY DO YOU WANT TO FIND THAT SORT OF PERSOL THE ARRAS ASK
cv-valid-dev/sample-002354.mp3,then the thing came upon him in a flash,2,0,,,,3.1,THEN THE THING CAME UPON HIM IN A FLASH
cv-valid-dev/sample-002355.mp3,when i had my sheep i was happy and i made those around me happy,2,0,,,,8.1,WHEN I HAD MY SHEEP I WAS HAPPY AND I MADE THOSE AROUND ME HAPPY
cv-valid-dev/sample-002356.mp3,they looked for the fallen mass but found nothing,3,0,,,,2.9,THEY LOOKED FOR THE FALLEN MASS BUT FOUND NOTHING
cv-valid-dev/sample-002357.mp3,because the crystal was dirty,2,0,,,,2.8,BECAUSE THE CRYSTAL WAS DIRTY
cv-valid-dev/sample-002358.mp3,i'd better see what he's up to,1,0,twenties,male,,2.3,I'D BETTER SEE WHAT HE'S UP TO
cv-valid-dev/sample-002359.mp3,a boy came running towards me,12,0,,,,3.3,A BOY CAME RUNNING TOWARDS ME
cv-valid-dev/sample-002360.mp3,i am in search of that universal language among other things,3,0,,,,4.9,I AM IN SEARCH OF THAT UNIVERSAL LANGUAGE AMONG OTHER THINGS
cv-valid-dev/sample-002361.mp3,this is my last chance,1,0,fourties,male,england,3.1,THIS IS MY LAST CHANCE
cv-valid-dev/sample-002362.mp3,still after that first million before you're thirty,1,0,,,,4.1,STILL AFTER THAT FIRST MILLION BEFORE YOU ARE THORTIT
cv-valid-dev/sample-002363.mp3,the boy closed his book,2,0,,,,2.1,THE BOY CLOSED HIS BOOK
cv-valid-dev/sample-002364.mp3,i thought about the difficulties in translation that might arise,9,0,,,,4.6,I THOUGHT ABOUT THE DIFFICULTIES IN TRANSLATION THAT MIGHT ARISE
cv-valid-dev/sample-002365.mp3,today i understand something i didn't see before every blessing ignored becomes a curse,4,0,,,,7.5,TO DAY I UNDERSTAND SOMETHING I DIDN'T SEE BEFORE EVERY BLESSING IGNORED BECOMES A CURSE
cv-valid-dev/sample-002366.mp3,who do you want,1,0,,,,2.6,WHO DO YOU WANT
cv-valid-dev/sample-002367.mp3,the following night the boy appeared at the alchemist's tent with a horse,6,1,,,,3.2,THE FOLLOWING NIGHT THE BOY APPEARED AT THE ALCHEMIST'S TENT WITH A HORSE
cv-valid-dev/sample-002368.mp3,this morning i found a calculator taped to my wii,2,1,,,,6.7,THIS MORNING I FOUND A CALCULATOR TAKE TO MY WEAT
cv-valid-dev/sample-002369.mp3,and finally the falcon returned with their meal,22,0,,,,4.1,AND FINALLY THE FALCAN RETURNED WITH THEM EL
cv-valid-dev/sample-002370.mp3,lots of places sell tea around here the merchant said,4,0,,,,4.7,LATS OF PLACES SELL TEA AROUND HERE THE MERCHANT SAID
cv-valid-dev/sample-002371.mp3,he had suddenly remembered that in tarifa there was an old woman who interpreted dreams,7,0,thirties,female,canada,7.2,HE HAD SUDDENLY REMEMBERED THAT IN TERIFA THERE WAS AN OLD WOMAN WHO INTERPRETED DREAMS
cv-valid-dev/sample-002372.mp3,on the first day he returned with a rabbit and on the second with two birds,3,0,teens,male,england,5.0,ON THE FIRST DAY HE RETURNED WITH HA RABBIT AND ON THE SECOND WITH TE BIRDS
cv-valid-dev/sample-002373.mp3,don't be impatient he repeated to himself,1,0,,,,3.2,DOT BE IMPATIENT HE REPEATED TO HIMSELF
cv-valid-dev/sample-002374.mp3,but he had found a guide and didn't want to miss out on an opportunity,5,1,,,,4.5,BUT HE HAD FOUND A GUIDE DIDN'T WANT TO MISS  ON AN OPPORTUNITY
cv-valid-dev/sample-002375.mp3,all they think about is food and water,2,0,,,,6.4,AT THEY THINK ABOUT IS FOOD AND WATER
cv-valid-dev/sample-002376.mp3,this can't be stressed enough i am innocent he cried desperately,1,0,,,,4.3,THIS COM BE STRENCED ENOUGH I AM INNOCENT HE CRIED DESPERATELY
cv-valid-dev/sample-002377.mp3,i won a flower,1,0,fourties,male,us,2.4,I WANT A FLOWER
cv-valid-dev/sample-002378.mp3,this is a very interesting situation,2,0,,,,2.9,THIS IS A VERY INTERESTING SITUATION
cv-valid-dev/sample-002379.mp3,this cup is made of polystyrene,1,0,,,,4.1,TISCOP IS MADE OF POLIS STEREM
cv-valid-dev/sample-002380.mp3,the heather was on fire and you could see a thin blue smoke rising up slowly,8,0,thirties,female,england,6.0,THE HEATHER WAS ON FIRE AND YOU COULD SEE A THIN BLUE SMOKE RISING UP SLOWLY
cv-valid-dev/sample-002381.mp3,we'll leave tomorrow before sunrise was the alchemist's only response,1,0,fourties,male,us,7.0,WE'LL LEAVE TO MORROW BEFORE SUNRISE WAS THE ALCHYMUS'S ONLY RESPONSE
cv-valid-dev/sample-002382.mp3,but then he remembered that he wasn't going to have to pay anything,1,0,twenties,male,,5.2,BUT THEN HE REMEMBERED THAT HE WASN'T GOING TO HAVE TO PAY ANYTHING
cv-valid-dev/sample-002383.mp3,the top of the cylinder was rotating on its body,7,1,thirties,male,african,3.6,THE TOP OF THE CYLINDER WAS ROTATING ON ITS BODY
cv-valid-dev/sample-002384.mp3,i am father now can you believe it,1,0,,,,2.4,MY FATHER NOW CAN YOU BELIEVE IT
cv-valid-dev/sample-002385.mp3,and what do you do in salem he insisted,1,0,fifties,male,us,3.2,AN WHAT DO YOU DOIN SALEM HE INSISTED
cv-valid-dev/sample-002386.mp3,they might even have become friends but the englishman closed off the conversation,1,0,,,,10.8,YES THEY MIGHT EVEN THEY MIGHT EVEN HAVE BECOME FRIENDS BUT THE ENGLISHMAN CLOVE RAW FOR CONVERSATION NO
cv-valid-dev/sample-002387.mp3,like eating or sleeping or like seeking love or finding a job,1,0,,,,6.1,LIKE EATING OR SLEEPING OR LIKE SEEKING LOVE OR FINDING HE JOB
cv-valid-dev/sample-002388.mp3,i'll be right with you,1,0,,,,2.7,I'LL BE RIGHT WITH YOU
cv-valid-dev/sample-002389.mp3,he was selling better than ever,3,0,,,,2.5,HE WAS SELLING BETTER THAN EVER
cv-valid-dev/sample-002390.mp3,but maybe i'll never have another chance to get to the pyramids in egypt,2,0,,,,4.3,BUT MAYBE I NEVER HAVE ANOTHER CHANCE TO GET TO THE PYRAMIDS IN EGYPT
cv-valid-dev/sample-002391.mp3,the day was dawning and the shepherd urged his sheep in the direction of the sun,3,0,,,,5.6,THE DAY WAS DAWNING AND THE SHEPHERD URGED HIS SHEEP IN THE DIRECTION OF THE SUN
cv-valid-dev/sample-002392.mp3,we know that and we are used to it,3,1,,,,3.9,FINODETT AND PIARIOSTRIT
cv-valid-dev/sample-002393.mp3,you wanna take this outside,3,0,,,,2.0,YOU WANT TO TAKE THIS OUTSIDE
cv-valid-dev/sample-002394.mp3,as he was attempting to pull out the rocks he encountered he heard footsteps,3,0,,,,5.9,AS HE WAS ATTEMPTING TO PULL OUT THE ROCKS HE ENCOUNTERED HE HEARD FOOTSTEPS
cv-valid-dev/sample-002395.mp3,he's on the way,1,0,,,,2.4,HE'S ON THE WAY
cv-valid-dev/sample-002396.mp3,i never knew he had a diary,1,0,,,,1.9,I NEVER KNEW HE HAD A DIER
cv-valid-dev/sample-002397.mp3,and tomorrow his enemy would also be a part of that soul,6,1,,male,us,4.0,AND TO MORROW HIS ENEMY WOULD ALSO BE PART OF BOD SOUL
cv-valid-dev/sample-002398.mp3,i've been trying to figure it out,3,0,twenties,male,scotland,2.7,I' BEEN STRY THE FIGUR UH
cv-valid-dev/sample-002399.mp3,you will never be able to escape from your heart,1,0,,,,4.3,YOU WILL NEVER BE ABLE TO ESCAPE FROM YOUR HORROR
cv-valid-dev/sample-002400.mp3,the day was dawning and the shepherd urged his sheep in the direction of the sun,2,0,,,,6.2,THE DAY WAS DAWNING AND THE SHEPHERD URGED HIS SHEEP IN THE DIRECTION OF THE SUN
cv-valid-dev/sample-002401.mp3,next morning there were two thousand armed men scattered throughout the palm trees at al fayoum,2,0,,,,8.1,NEXT MORNING THERE WERE TWO THOUSAND ARMMEN SCARRIED THROUGHOUD THE BOUNGRIES AT ALPARN
cv-valid-dev/sample-002402.mp3,and he came down after the game with a contract,1,0,,,,3.8,AND HE CAME DOWN AFTER THE GAME WITH THE CONTRACT
cv-valid-dev/sample-002403.mp3,did you actually give tamara that gun,1,0,,,,3.3,ID YOU ACTUALLY GIVE TO MORRA THAT GUN
cv-valid-dev/sample-002404.mp3,the boy was surprised and then irritated,3,0,,,,3.4,THE BOY WAS SURPRISED AND THEN IRRITATED
cv-valid-dev/sample-002405.mp3,the stranger was speaking of things that very few people knew about,2,1,,,,4.5,THE STRANGER WAS SPEAKING OF THINGS THAT PRETTY FEW PEOPLEMEN BOAT
cv-valid-dev/sample-002406.mp3,when you find a bug in software please report it,2,0,,,,4.0,WHEN YOU FIND A BOCK IN SOFTWARE PLEASE REPORT IT
cv-valid-dev/sample-002407.mp3,it seemed so safe and tranquil,4,0,,,,3.1,IT SEEMS SO SAFE AND TRANQUIL
cv-valid-dev/sample-002408.mp3,thanks for dropping around,1,0,fourties,male,england,2.8,THANKS FOR DROPPING AROUND
cv-valid-dev/sample-002409.mp3,wouldn't it be nice if we were like that,2,0,,,,4.5,WOULDN'T IT BE NICE IF WE WERE LIKE THAT
cv-valid-dev/sample-002410.mp3,i beg of you not to do this thing,1,0,,,,4.8,I BEG OF YOU NOTH TO DO THIS SING
cv-valid-dev/sample-002411.mp3,then suddenly he noticed it with a start,4,0,,,,3.4,THEN SUDDENLY HE NOTICED IT WITH A START
cv-valid-dev/sample-002412.mp3,suppose there was a shane york and he walked into this office,3,0,twenties,female,,4.5,SUPPOSE THERE WAS A SHAME YOCG AND HE WALKED INTO POLISE OFFICE
cv-valid-dev/sample-002413.mp3,the charcoal burned away to white ash,1,0,,,,3.9,THE CHARCOAL BURNT AWAY TO WHITE ASH
cv-valid-dev/sample-002414.mp3,he heard a muffled grating sound and saw the black mark jerk forward an inch or so,2,0,,,,6.8,HE HEARD A MUFFLED GRATING SOUND AND SAW THE BLACK MARK DREVE FORWARD AN INCH OR SO
cv-valid-dev/sample-002415.mp3,he noticed the unequal cooling of its surface,6,0,,,,3.9,HE NOTICED THE UNEQUAL COOLING OF ITS SURFACE
cv-valid-dev/sample-002416.mp3,i still have no idea how to turn myself into the wind the boy repeated,2,0,,,,4.1,STILL I'VE NO IDEA HOW TO TURN MYSELF INTO THE WIND THE BOY REPEATED
cv-valid-dev/sample-002417.mp3,the englishman was disappointed,2,0,,,,6.9,THE ENGLISHMAN WAS DISAPPOINTED
cv-valid-dev/sample-002418.mp3,but the boy sat down and waited,2,0,fourties,male,,3.8,BUT THE BOY SAT DOWN AND WAITED
cv-valid-dev/sample-002419.mp3,at most they thought that another meteorite had descended,4,1,,,,4.5,AT MOSE THEY THOUGHT THAT ANOTHER MITROID HAD DESCENDED
cv-valid-dev/sample-002420.mp3,we're refugees from the tribal wars and we need money the other figure said,1,0,,,,5.7,WE'RE REFUGEES FROM THE TRIPAL WARS AND WE NEED MONEY THE OTHER FIGURE SAID
cv-valid-dev/sample-002421.mp3,his arm seemed to be battling with whatever was in the hole,1,0,,,,4.8,HIS ARM SEEMED TO BE BATTLING WITH WHATEVER WAS IN THE HALL
cv-valid-dev/sample-002422.mp3,i was impatient to see it opened,1,0,fifties,male,newzealand,3.6,I WAS IMPATIENT TO SEE IT OPENED
cv-valid-dev/sample-002423.mp3,they placed it in a wooden box and left it there for good,1,0,,,,5.3,THEY PLANCED IT IN A WOODEN BOX AND LEFT IT THERE FOR GOOD
cv-valid-dev/sample-002424.mp3,you point to a trail of ants leading into the house,7,2,,,,4.2,YOU POINT TO A TRAIL OF FRANCE LEADING I TO THE HOUSE
cv-valid-dev/sample-002425.mp3,your husband must have been in a great hurry,1,0,fourties,female,us,2.4,YOUR HUSBAND MUST HAVE BEEN IN A GREAT HURRY
cv-valid-dev/sample-002426.mp3,he didn't want any conversation at this point,3,0,twenties,female,,3.3,THEY DIDN'T WANT ANY CONVERSATION AT THIS POINT
cv-valid-dev/sample-002427.mp3,well then why do we need all these books the boy asked,3,0,sixties,male,us,5.0,WELL THEN WHY DO WE NEED ALL THESE BOOKS THE BOY ASKED
cv-valid-dev/sample-002428.mp3,the boy was relieved,1,0,,,,2.6,THE BOY WAS RELIEVED
cv-valid-dev/sample-002429.mp3,to show you one of life's simple lessons the alchemist answered,8,0,twenties,male,indian,4.9,TO SHOW YOU ONE OF LIFE'S IMPLE LESSONS THE ALCHINIST ANSWERED
cv-valid-dev/sample-002430.mp3,the cushion was soft and inviting,1,0,,,,2.9,THE PASHAN WAS SOFT AND INWITENING
cv-valid-dev/sample-002431.mp3,he placed urim and thummim in the chest,3,0,,,,5.9,SHE PLACED OLEM AND TOMMEM IN THE CHEST
cv-valid-dev/sample-002432.mp3,i done my best,3,0,,,,2.7,I DONE MY BEST
cv-valid-dev/sample-002433.mp3,sometimes their caravan met with another,5,1,twenties,male,us,2.9,SOMETIMES THER CARAVAN MET WITH ANOTHER
cv-valid-dev/sample-002434.mp3,jupiter has a great red spot,2,0,teens,male,newzealand,2.1,JUPITER HAS A GREAT RED SPOT
cv-valid-dev/sample-002435.mp3,no the alchemist answered,4,0,,,,4.2,NO THE ALCHEMIST ANSWERED
cv-valid-dev/sample-002436.mp3,another trick the boy thought,4,0,thirties,male,us,3.0,ANOTHER TRICK THE BOY THOUGHT
cv-valid-dev/sample-002437.mp3,and got it out as soon as you can,2,0,,,,2.7,AND GOT IT OUT AS SOON AS YOU CAN
cv-valid-dev/sample-002438.mp3,i'll never get this speech right,1,0,,,,2.3,I'LL NEVER GETE THIS SPEECH RIGHT
cv-valid-dev/sample-002439.mp3,there was a forest fire in los angeles,3,0,,,,2.8,THERE WAS A FOURTH FIRE IN LOS ANGELES
cv-valid-dev/sample-002440.mp3,there's not a reason on earth why you should,2,1,twenties,male,us,3.1,I'S NOT A REASON ON EARTH WHY YOU SHOULD
cv-valid-dev/sample-002441.mp3,about eleven i walked back to my home in maybury because nothing seemed to be happening,5,0,fourties,male,us,5.8,ABOUT ELEVEN I WOKED BACK TO MY HOME IN MAYBURY BECAUSE NOTHING SEEMED TO BE HAPPENING
cv-valid-dev/sample-002442.mp3,thank you said the boy,2,0,,,,3.1,THANK YOU SAID THE BOY
cv-valid-dev/sample-002443.mp3,is the head better,1,0,,,,2.0,IS THE HEAD BETTER
cv-valid-dev/sample-002444.mp3,how could it be awkward,1,0,twenties,male,england,2.4,HOW COULD IT BE OLQUED
cv-valid-dev/sample-002445.mp3,he ran his fingers slowly over the stones sensing their temperature and feeling their surfaces,3,0,teens,male,us,5.7,HE RAN HIS FINGERS SLOWLY OVER THE STONES SENSING THEIR TEMPERATURE AND FEELING THEIR SURFACES
cv-valid-dev/sample-002446.mp3,a large portion of the cylinder had been uncovered,3,0,,,,5.0,A LARGE PORTION OF THE CYLINDER HAD BEEN UNCOVERED
cv-valid-dev/sample-002447.mp3,he had never imagined that questions about life would be of such importance to a shepherd,2,0,,,,7.6,HE HAD NEVER IMAGINED THAT QUESTIONS ABOUT LIFE WOULD BE OF A SUCH IMPORTANCE TO A SHEPHERD
cv-valid-dev/sample-002448.mp3,my job requires a lot of travelling,2,0,,,,3.6,MY DROB REQUIRES A LOT OF CRAVELLING
cv-valid-dev/sample-002449.mp3,but he didn't need to worry about that right now,3,0,,,,4.3,BUT YOU DIDN'T NEED TO WORRY ABOUT THAT RAGNOW
cv-valid-dev/sample-002450.mp3,he could always become a crystal salesman again,1,0,,,,3.1,HE COULD ALWAYS BECOME A CRYSTAL SALESMAN AGAIN
cv-valid-dev/sample-002451.mp3,i wonder how many times a year this happens,1,0,,,,2.9,I WONDER HOW MANY TIMES A YEAR THIS HAPPENS
cv-valid-dev/sample-002452.mp3,i encourage everyone to contribute their voice to project common voice,1,0,fifties,male,england,6.0,I ENCOURAGE EVERY ONE TO CONTRIBUTE THEIR VOICE TO PROJECT COMMON VOICE
cv-valid-dev/sample-002453.mp3,i don't like people to do that because the sheep are afraid of strangers,2,0,,,,6.6,I DON'T LIKE PEOPLE TO DO THAT BECAUSE THE SHEEP ARE AFRAID OF STRANGERS
cv-valid-dev/sample-002454.mp3,a card hanging in the doorway announced that several languages were spoken in the shop,2,0,,,,5.5,A CARD HANGING IN THE DOORWAY ANNOUNCED THAT SEVERAL LANGUAGES WERE SPOKEN IN THE SHOP
cv-valid-dev/sample-002455.mp3,i don't know why i came here in the first place,1,0,,,,2.8,I DON'T KNOW WHY I CAME HERE IN THE FIRST PLACE
cv-valid-dev/sample-002456.mp3,he was proud of himself,1,0,,,,2.7,HE WAS PROUD OF HIMSELF
cv-valid-dev/sample-002457.mp3,i'll let you know as soon as i have something,2,0,,,,10.3,I'LL LET YOU KNOW AS SOON AS I HAVE SOMETHING
cv-valid-dev/sample-002458.mp3,sadly my dream of becoming a squirrel whisperer may never happen,9,1,,,,9.1,SADLY MY DREAM OF BECOMING A SQUIRREL WHISPERER MAY NEVER HAPPEN
cv-valid-dev/sample-002459.mp3,will you give me those stamps,1,0,,,,3.9,WILL YOU GIVE ME THOSE STAMPS
cv-valid-dev/sample-002460.mp3,he's insane or drunk or something,1,0,fourties,male,us,2.8,HE'S INSANE OR DRUNK OR SOMETHING
cv-valid-dev/sample-002461.mp3,when i returned to the common the sun was setting,5,0,sixties,female,us,6.3,WHEN I RETURNED TO THE COMMON THE SUN WAS SETTING
cv-valid-dev/sample-002462.mp3,you called that number not ten minutes ago,1,0,twenties,male,,3.6,YOU CARRED THE FANBER NOT TEN MINUTES AGO
cv-valid-dev/sample-002463.mp3,the old man gave a signal and everyone stood,2,1,,,,2.5,THE OLD MAN GAVE A SIGNAL AND EVERYONE STOO
cv-valid-dev/sample-002464.mp3,the greatest authority on meteorites stated that the height of its first appearance was about ninety or one hundred miles,2,1,fourties,male,african,8.3,THE GREATEST AUTHORITY OF METEORITES STATED THAT THE HEIGHT OF ITS FIRST APPEARANCE WAS ABOUT NINETY OR ONE HUNDRED MILES
cv-valid-dev/sample-002465.mp3,i want to do what i want to do,1,0,thirties,male,us,3.1,I WANT TO DO WHAT I WANT TO DO
cv-valid-dev/sample-002466.mp3,did you see the garden that it took the master gardener ten years to create,1,0,,,,7.0,DID YOU SEE THE GARDEN THAT IT TOOK THE MASTER GARDENER TEN YEARS TO CREATE
cv-valid-dev/sample-002467.mp3,and i'm certain you'll find it the alchemist said,2,0,,,,4.3,AND I AM CERTAIN YOU WILL FIND IT THE ARCHINIS SAID
cv-valid-dev/sample-002468.mp3,the tribal chieftains will see that and you'll be dismissed from your position as counselor,10,0,,,,5.5,THE TRIBAL CHIEFTAINS WILL SEE THAT AND YOU'LL BE DISMISSED FROM YOUR POSITION AS COUNSELLOR
cv-valid-dev/sample-002469.mp3,looking through the telescope i saw a circle of deep blue and the little round planet,5,0,fourties,male,us,6.1,LOOKING THROUGH THE TELESCOPE I SAW A CIRCLE OF DEEP BLUE AND THE LITTLE ROUND PLANET
cv-valid-dev/sample-002470.mp3,it was a strange furnace fueled by firewood with a transparent flask heating on top,2,1,twenties,male,us,6.3,IT WAS A STRANGE FURNACE FUELED BY FIREWORD WITH ITS TRANSPARENT FLASK HIDDEN ON TOP
cv-valid-dev/sample-002471.mp3,i didn't fall in,2,0,thirties,male,us,1.9,I DIDN'T FALL IN
cv-valid-dev/sample-002472.mp3,can i at least keep the onion soup,1,0,,,,5.0,CAN I AT LEAST KEEP THE ONION SOUP
cv-valid-dev/sample-002473.mp3,he was older and was carrying a small bucket,1,0,teens,male,us,3.4,HE WAS OLDER AND WAS CARRYING A SMALL BUCKET
cv-valid-dev/sample-002474.mp3,there was a thud like the fall of a great mass,1,0,,,,4.3,THERE WAS A THUD LIKE THE FALL OF A GREAT MASS
cv-valid-dev/sample-002475.mp3,among these people were a couple of cyclists a gardener i employed sometimes and a girl carrying a baby,3,1,fourties,male,us,7.0,AMONG THESE PEOPLE WERE A COUPLE OF CYCLISTS A GARDENER I EMPLOYED SOMETIMES AND A GIRL CARRYING A BABY
cv-valid-dev/sample-002476.mp3,who do you feel is responsible for that,1,0,,,,4.3,WHO DO YOU FEEL IS RESPONSIBLE FOR THAT
cv-valid-dev/sample-002477.mp3,the newspaper articles had prepared everyone for the reception of the idea,3,0,,,,5.5,THE NEWSPAPER ARTICLES HAD PREPARED EVERYONE FOR THE RECEPTION OF THE IDEA
cv-valid-dev/sample-002478.mp3,it was a fighter jet flying between the buildings,1,0,,,,6.1,IT WAS A FATO JEC FLYING BETWEEN THE BOLDENS
cv-valid-dev/sample-002479.mp3,keep your shirt on,1,0,thirties,male,england,2.4,KEEP HIS SHIRT ON
cv-valid-dev/sample-002480.mp3,the police finally manage to get him out of the park,1,0,fourties,male,australia,3.3,THE POLICE FINALLY MANAGED TO GET HIM OUT OF THE POCK
cv-valid-dev/sample-002481.mp3,somebody pushed against me and i almost fell into the ditch,3,0,,,,5.1,SOMEBODY PUSHED AGAINST ME AND I ALMOST FELL INTO THE DITCH
cv-valid-dev/sample-002482.mp3,so what is salem like he asked trying to get some sort of clue,1,0,,,,6.6,SO WHAT IS SALUM LIKE HE ASKED TRYING TO GET SOME SORT OF CLUE
cv-valid-dev/sample-002483.mp3,from then on the boy understood his heart,3,0,,,,4.9,FROM THEN ON THE BOY UNDERSTOOD HIS HEART
cv-valid-dev/sample-002484.mp3,the two men hurried back and found the cylinder still lying in the same position,6,2,,,,4.9,THE TWO MEN HURRIED BACK AND FOUND THE SIGN AT ERS TOO LYING IN THE SAME POSITION
cv-valid-dev/sample-002485.mp3,my wife pointed out to me the brightness of the red green and yellow signal lights,2,0,,,,7.9,MY WIFE POINTED OUT TO ME THE BRIGHTNESS OF THE RED GREEN AND YELLOW SIGNAL LIGHTS
cv-valid-dev/sample-002486.mp3,you should see the other guy specifically how good at fighting he is,2,1,,,,6.7,YOU SHOULD SEE THE OTHER GUY SPECIFICALLY HOW GOOD AT FIGHTING HE IS
cv-valid-dev/sample-002487.mp3,my father fell in love with him,1,0,sixties,male,england,3.0,MY FATHER FELL IN LOVE WITH HIM
cv-valid-dev/sample-002488.mp3,they had gone away to breakfast at henderson's house,3,0,,,,2.8,THEY HAD GONE AWAY TO BREAKFAST AT HENDERSON'S HOUSE
cv-valid-dev/sample-002489.mp3,i couldn't work in the city,1,0,fourties,male,us,2.6,I COULDN'T WORK IN THE CITY
cv-valid-dev/sample-002490.mp3,he just took over the bank,1,0,,,,2.8,HE JUST TOOK OVER THE BANK
cv-valid-dev/sample-002491.mp3,he thought of the merchant's daughter and was sure that she had probably married,1,0,,,,5.2,THE THOUGHT OF THE MERCHANT'S DAUGHTER WAS SURE THAT SHE HAD PROBABLY MARRIED
cv-valid-dev/sample-002492.mp3,it was no more exciting than an overturned carriage or a tree blown across the road,6,0,,,,6.6,IT WAS NO MORE EXCITING THAN AN OVERTURNED CARRIAGE OR A TREE BLOWN ACROSS THE ROAD
cv-valid-dev/sample-002493.mp3,but the englishman was exultant,9,0,,,,3.3,BUT THE ENGLISHMAN WAS EXALTED
cv-valid-dev/sample-002494.mp3,there must be a language that doesn't depend on words the boy thought,3,0,,,,4.6,THERE MUST BE A LANGUAGE THAT DOESN'T DEPEND ON WORDS THE BOY THOUGHT
cv-valid-dev/sample-002495.mp3,the actor's authentic facial expression was convincing the jury,1,0,twenties,female,australia,4.8,THE AUTOR'S ATTENTIVE FACIAL EXPRESSION WAS CONVINCING THE JURY
cv-valid-dev/sample-002496.mp3,as soon as he saw me among the crowd he called to me to come down,2,1,twenties,female,us,5.1,AS SOON AS HE SAW ME WAN THE CLOUD HE CALLED TO ME TO COME DOWN
cv-valid-dev/sample-002497.mp3,by enumerating the people she wanted to talk with she was calmed,2,0,twenties,male,,4.4,BY ENIMERATINGS THE PEOPLE SHE WANTED TO TALK WITH SHE WAS CALMED
cv-valid-dev/sample-002498.mp3,the following night the boy appeared at the alchemist's tent with a horse,6,0,,,,5.6,THE FOLLOWING NIGHT THE BOY APPEARED AT THE ALCHYMUS TENT WITH THE HORSE
cv-valid-dev/sample-002499.mp3,and got it out as soon as you can,1,0,thirties,male,,3.4,AND GOT IT OUT AS SOON AS HE CAN
cv-valid-dev/sample-002500.mp3,revenge is not my style but obviously accidents will happen,3,0,,,,8.3,REVENGE IS NOT MY STYLE BUT OBVIOUSLY ACCIDENTS WILL HAPPEN
cv-valid-dev/sample-002501.mp3,the boy promised himself that when he returned from egypt he would buy that sword,2,0,,,,5.9,THE BOY PROMISED HIMSELF THAT WHEN HE RETURNED FROM EGYPT HE WOULD BUY THAT SWORD
cv-valid-dev/sample-002502.mp3,i don't know why these things have to be transmitted by word of mouth he thought,1,0,,,,5.1,I DON'T KNOW WHY THE THINGS HAVE TO BE TRANSMITTED BY WARD OF MOTH HE THOUGHT
cv-valid-dev/sample-002503.mp3,and one or two persons were returning,2,0,,,,3.4,AND ONE OR TWO PERSONS WERE RETURNING
cv-valid-dev/sample-002504.mp3,in any case it's good that you've learned that everything in life has its price,1,0,teens,male,england,3.9,IN ANY CASE IT'S GOODFORT YOU'VE LEARNT THAT EVERYTHING IN LIFE HAS ITS PRICE
cv-valid-dev/sample-002505.mp3,but bakers are more important people than shepherds,1,0,teens,male,,3.5,BUT BICKERS ARE MORE IMPORTANT PEOPLE THAN SHEPHERD
cv-valid-dev/sample-002506.mp3,but you will love her and she'll return your love,1,0,,,,4.5,BUT YOU WILL LOVE HER AND SHE'LL RETURN YOUR LOVE
cv-valid-dev/sample-002507.mp3,it should provided results comparable to the state of the art,1,0,,,,6.3,IT SHOULD PROVIDE RESULTS COMPARABLE TO THE STATE OF THE ART
cv-valid-dev/sample-002508.mp3,there was no need to imprison them the arabs simply confiscated their horses,2,0,,,,8.9,THERE WAS NO NEED TO INQREASON THEN THE ARABIS SIMPLY CONFISCATED THE HORACES
cv-valid-dev/sample-002509.mp3,what we need is fireworks,1,0,,,,2.6,WHAT WE NEED IS FIREWORKS
cv-valid-dev/sample-002510.mp3,can i go now,2,0,thirties,male,england,1.5,CAN I GO NOW
cv-valid-dev/sample-002511.mp3,twins are known to be confounding,1,0,thirties,female,england,2.5,TWINS ARE KNOWN TO BE CONFOUNDING
cv-valid-dev/sample-002512.mp3,it seemed as if what the old king had called beginner's luck were no longer functioning,1,0,,,,7.6,IT SEEMED AS IF WHAT THE OLD KING HAD CALLED BEGINNER'S LUCK WERE NO LONGER FUNCTIONING
cv-valid-dev/sample-002513.mp3,as jennifer walked down the aisle she wondered if she had made a mistake,1,0,sixties,male,us,7.1,AS JENEFER WALKED DOWN THE AISLE SHE WONDERED IF SHE HAD MADE A MISTAKE
cv-valid-dev/sample-002514.mp3,what are you doing around here,3,0,twenties,male,us,1.8,WHAT ARE YOU DOING AROUND HERE
cv-valid-dev/sample-002515.mp3,i'm trying to explain to my mother how to get pictures off her phone,2,0,fourties,male,us,4.7,I'M TRYING TO EXPLAIN TO MY MOTHER HOW TO GET PICTURES OFF HER PHONE
cv-valid-dev/sample-002516.mp3,it didn't even occur to the boy to flee,3,0,,,,5.4,IT DIDN'T EVEN OCCUR TO THE BOY TO FLEE
cv-valid-dev/sample-002517.mp3,this morning i found a calculator taped to my wii,4,0,,,,6.0,THIS MORNING I FOUND A CALCULATOR TIPPED TO MY WEE
cv-valid-dev/sample-002518.mp3,the boy's name was santiago,1,0,twenties,male,indian,3.7,THE BOY'S NAME WAS FANTIABBLE
cv-valid-dev/sample-002519.mp3,well why don't you go to mecca now asked the boy,3,0,,,,3.5,WELL WHY DON'T YOU GO TO MECCA NOW ASKED THE BOY
cv-valid-dev/sample-002520.mp3,all this happened between sunrise and sunset the boy thought,2,0,,,,7.3,O THIS HEATING BETWEEN SUNRISE AND SUNSET THE BOY THOUGHT
cv-valid-dev/sample-002521.mp3,of course it is,2,0,thirties,male,us,3.9,OF COURSE IT IS
cv-valid-dev/sample-002522.mp3,and here's a kiss for you,1,0,,,,3.1,AND HERE'S A KISS FOR YOU
cv-valid-dev/sample-002523.mp3,in order to find the treasure you will have to follow the omens,2,0,,,,4.8,IN ORDER TO FIND THE TREASURE YOU WILL HAVE TO FOLLOW THE OMENS
cv-valid-dev/sample-002524.mp3,do it for the paper,1,0,,,,2.4,DO IT FOR THE PAPER
cv-valid-dev/sample-002525.mp3,they set off running wildly into the trees,4,0,,,,3.3,THEY SET OFF RUNNING WILDLY INTO THE TREES
cv-valid-dev/sample-002526.mp3,there was hardly any movement from the pit,2,0,,,,4.3,THERE WAS HARDLY ANY MOVEMENT FROM THE PIT
cv-valid-dev/sample-002527.mp3,the jacket had a purpose and so did the boy,3,1,,male,us,3.6,THE JACKET HAD A PURPOSE AND SO LIT THE BALL
cv-valid-dev/sample-002528.mp3,i can always go back to being a shepherd the boy thought,2,0,twenties,male,,4.0,I CAN ALWAYS GO ABACK TO BEING A SHEPHERD THE BOY THOUGHT
cv-valid-dev/sample-002529.mp3,it rattled menacingly,1,0,teens,male,us,2.2,IT RATTLED MENACINGLY
cv-valid-dev/sample-002530.mp3,the old man leafed through the book and fell to reading a page he came to,1,0,fifties,male,scotland,4.4,THE OLD MAN LEAPED THROUGH THE BROOK AND FELL TO READING A PAGE HE CAME TO
cv-valid-dev/sample-002531.mp3,i still say that this john doe person is a myth,1,0,,,,5.2,I STILL SAY THAT THIS DRONDO PERSON IS A MOUTH
cv-valid-dev/sample-002532.mp3,the englishman was unable to sleep one night,1,0,,,,3.6,THE ENGLISHMAN WAS UNABLE TO SLEEP ONE NIGHT
cv-valid-dev/sample-002533.mp3,i'm hunting with my falcon the alchemist answered,1,0,twenties,female,us,4.4,I'M HUNTING WITH MY FALCON THE ALCHYMIST ANSWERED
cv-valid-dev/sample-002534.mp3,some of the grey ash was falling off the circular edge,3,0,twenties,male,england,3.6,SOME OF THE GREY ASH WAS FALLEN OFF THE CIRCULAR EDGE
cv-valid-dev/sample-002535.mp3,i remember how i sat on the table there in the blackness with patches of green and crimson swimming before my eyes,4,0,thirties,female,philippines,7.5,I REMEMBER HOW I SAT ON THE TABLE DURING THE BLACKMITH WITH PATCHES OF GUINO CRAMS ON SWIMMING BEFORE MY EYES
cv-valid-dev/sample-002536.mp3,i want them both arrested,2,0,,,,2.7,I WANT THEM BOTH ARRESTED
cv-valid-dev/sample-002537.mp3,how do you know she didn't,2,0,fourties,male,us,3.1,HOW DO YOU KNOW SHE DIDN'T
cv-valid-dev/sample-002538.mp3,not until the moon was high did the alchemist ride into view,6,0,,,,5.1,NOT UNTIL THE MOON WAS HIGH DID THE ALCHEMIST RIDE INTO VIEW
cv-valid-dev/sample-002539.mp3,of course the two were unable to do anything,3,0,fourties,male,us,4.4,OF COURSE THE TWO WERE UNABLE TO DO ANYTHING
cv-valid-dev/sample-002540.mp3,i can't think of any reason why she was killed,1,0,,,,3.6,I CAN'T THINK OF ANY REASON WHY SHE WAS KILLED
cv-valid-dev/sample-002541.mp3,my tax dollars pay for those public school proms,4,0,,,,5.0,BUY TACK DOLLARS PAY FOR THOSE PUBLIC SCOORE PRONGS
cv-valid-dev/sample-002542.mp3,the weather forecast for this week didn't look good at all,1,0,,,,4.3,THE WEATHER FORECAST FOR THIS WEEK DIDN'T LOOK GOOD AT ALL
cv-valid-dev/sample-002543.mp3,you have helped me the man continued to prepare his tea saying nothing,3,0,,male,england,4.3,YOU HAVE HELPED ME THE MAN CONTINUED TO PREPARE HIS TEA SAYING NOTHING
cv-valid-dev/sample-002544.mp3,today's world is full of commercials,1,0,fourties,male,us,3.0,TO DAY'S WORLD IS FULL OF COMMERCIALS
cv-valid-dev/sample-002545.mp3,what do you know about it,1,0,,,,1.7,WHAT DO YOU KNOW ABOUT IT
cv-valid-dev/sample-002546.mp3,they had gone away to breakfast at henderson's house,4,0,thirties,female,us,6.1,THEY HAD GONE AWAY TO BREAKFAST AT HENDERSON'S HOUSE
cv-valid-dev/sample-002547.mp3,he said to float away to happy land on the bubbles,3,0,,,,3.7,HE SAID TO FLOAT AWAY TO HAPPY LAND ON THE BUBBLES
cv-valid-dev/sample-002548.mp3,the first rule of don't fight club is let's talk about it,1,0,,,,5.3,THE FIRST RULE DON'T FIGHT CLUB IS LET'S TALK ABOUT IT
cv-valid-dev/sample-002549.mp3,until then he had considered the omens to be things of this world,1,0,thirties,female,australia,5.5,UNTIL THEN HE HAD CONSIDERED THE IMONDS TO BE THINGS OF THIS WORLD
cv-valid-dev/sample-002550.mp3,it left a greenish streak that glowed for some seconds,1,0,,,,4.6,IT LEFT A GREENISH STREAK THAT GLOWED FOR SOME SECONDS
cv-valid-dev/sample-002551.mp3,they were known as seers and they were held in fear by women and the elderly,1,0,fifties,male,scotland,5.2,THEY WERE KNOWN AS SEERS AND THEY WERE HELD IN FEAR BY WOMEN AND THE ELDERLY
cv-valid-dev/sample-002552.mp3,the snow blasted along the side of the bridge,1,0,thirties,male,,5.2,THE SNOW BLASTED ALONG THE SIDE OF THE BRIDGE
cv-valid-dev/sample-002553.mp3,a little lemongrass should freshen it up,1,0,,,,5.3,A LITTLE LEMON GRASS SHOULD FRESHEN IT UP
cv-valid-dev/sample-002554.mp3,as was mecca for the merchant,2,0,thirties,female,us,3.4,AS WAS MECCA FOR THE MERCHANT
cv-valid-dev/sample-002555.mp3,there was a small building there with a window at which people bought tickets to africa,2,1,,,,11.0,THERE WAS A SMALL BUILDING THERE WITH A WINDOW AT WHICH PEOPLE BOUGHT TICKETS TO AFRICA
cv-valid-dev/sample-002556.mp3,what are you doing here one of the figures demanded,4,0,,,,4.5,WHAT ARE YOU DOING HERE ONE OF THE FIGURES DEMANDED
cv-valid-dev/sample-002557.mp3,all that time the martians must have been getting ready,10,0,,,,60.8,ALL THAT TIME THE MARTIANS MUST HAVE BEEN GETTING READY
cv-valid-dev/sample-002558.mp3,what's going on here,2,0,fifties,male,australia,1.5,WHAT'S GOING ON HERE
cv-valid-dev/sample-002559.mp3,the night was warm and i was thirsty,5,4,,,,3.8,THE NIGHT WAS WARM AND WI WAS THIRSTY
cv-valid-dev/sample-002560.mp3,before guns were invented armies had to throw bullets at each other and if a bullet touched you you had to sit out until the next war,5,0,,,,11.8,BEFORE GUNS WERE INVANTED ARMIES HAD TO THROW BULLETS AT EACH OTHER AND IF A BULLET TOUCHED YOU YOU HAD TO SIT OUT UNTIL THE NEXT WAR
cv-valid-dev/sample-002561.mp3,this isn't a kidnapping,2,1,,,,3.5,ZIS ISN'T A CATNABA
cv-valid-dev/sample-002562.mp3,i hate to think that i will have to leave but i guess thats not really up to me,1,0,fourties,male,us,6.1,I HATE TO THINK THAT I WILL HAVE TO LEAVE BUT I GUESS THAT'S NOT REALLY UP TO ME
cv-valid-dev/sample-002563.mp3,it's called the principle of favorability beginner's luck,2,0,,,,4.3,IT CALLED THE PRINCIPLE OF FIDERABILITY BEGIT OF LUCK
cv-valid-dev/sample-002564.mp3,if he were fed on time he wouldn't cry,1,0,,,,2.5,IF HE WERE TO FET ON TIME HE WOULDN'T CRY
cv-valid-dev/sample-002565.mp3,i'm a desert woman and i'm proud of that,1,0,,,,4.7,I'M A DESERT WOMAN AND I'M PROUD OF THAT
cv-valid-dev/sample-002566.mp3,in his hand he grasped a snake by the tail,2,0,thirties,female,newzealand,4.5,IN HIS HAND HE GRASPED A SNAKE BY THE TAIL
cv-valid-dev/sample-002567.mp3,i don't know the desert that well yet,3,0,,,,1.9,I DON'T KNOW THE DESERT THAT WELL YET
cv-valid-dev/sample-002568.mp3,the train lines provided an easy path to follow,1,0,,,,4.0,THE TRAIN LINES PROVIDED AN EASY PATH TO FOLLOW
cv-valid-dev/sample-002569.mp3,the boy was sad as he left her that day,1,0,fourties,male,us,4.6,THE BOY WAS SAD AS HE LEFT HER THAT DAY
cv-valid-dev/sample-002570.mp3,he saw the boy appear from the other side of the dunes,3,0,,,,4.5,HE SAW THE BOY APPEAR FROM THE OTHER SIDE OF THE DOONES
cv-valid-dev/sample-002571.mp3,where are you from the boy asked,1,0,twenties,male,bermuda,2.7,WHERE ARE YOU FROM THE BOY ASKED
cv-valid-dev/sample-002572.mp3,you forget the power that always watches over the morning post,1,0,,,,5.2,YOU FORGET THE POWER THAT ALWAYS WATCHES OVER THE MORNING POST
cv-valid-dev/sample-002573.mp3,haven't you even started,2,0,,,,2.8,HAVEN'T YOU EVEN STARTED
cv-valid-dev/sample-002574.mp3,he saw the boy appear from the other side of the dunes,2,0,,,,4.4,HE SAWTHE BOY APPEARED FROM THE OTHER SIDE OF SHEDUNES
cv-valid-dev/sample-002575.mp3,this makes me feel funny,1,0,,,,2.3,THIS MAKES ME FEEL FUNNY
cv-valid-dev/sample-002576.mp3,a little college girl from a school of journalism,1,0,,,,4.1,WELL THO THEY HAD COLLEGE GIRL FRARME SCHOOLOF CONMALISAM
cv-valid-dev/sample-002577.mp3,like eating or sleeping or like seeking love or finding a job,3,0,,,,4.3,LIKE EATING OR SLEEPING OR LIKE SEEKING LOVE OR FINDING A JOB
cv-valid-dev/sample-002578.mp3,and he gets it right away,1,0,twenties,male,us,2.7,AND HE GETS IT RIGHT AWAY
cv-valid-dev/sample-002579.mp3,the boy brought his horse closer,2,1,,,,2.7,DEBOY ROW HIS HORS CLOSER
cv-valid-dev/sample-002580.mp3,what's so depressing about that,2,0,thirties,male,australia,1.9,WHAT'S SO DEPRESSING ABOUT THAT
cv-valid-dev/sample-002581.mp3,the woman sat down and told him to be seated as well,4,0,,,,3.5,THE WOMAN SAT DOWN AND TOLD HIM TO BE SEATED THIS WELL
cv-valid-dev/sample-002582.mp3,its saturday its hot and i really want to try the dry ramen,2,0,,,,5.6,IT'S SATURDAY IT'S HAT I RALLY WANT TO TRY IN TE DRYA RUMMIN
cv-valid-dev/sample-002583.mp3,i am upset that they get to have all the time in the world while acting like they earned it,2,0,,,,4.9,I'M UPSET THAT THEY GET TO HAVE ALL THE TIME IN THE WORLD WHILE ACTING LIKE THE ANDAGE
cv-valid-dev/sample-002584.mp3,a breeze began to blow,1,0,fifties,male,scotland,1.8,A BREEZE BEGAN TO BALL
cv-valid-dev/sample-002585.mp3,you lived your life in a loving way and died with dignity,1,0,,,,4.4,YOU LIVED YOUR LIFE IN A LOVING WAY AND DIED WITH DIGNITY
cv-valid-dev/sample-002586.mp3,several figures approached him,1,0,,,,2.9,SEVERAL FIGURES APPROACHED HIM
cv-valid-dev/sample-002587.mp3,they had gone away to breakfast at henderson's house,3,0,,,,5.8,THEY HAD GONE AWAY TO BREAKFAST AT HENDELSON'S HOUSE
cv-valid-dev/sample-002588.mp3,but he kept quiet because he had heard what the alchemist said to the monk,2,0,,,,7.1,BUT HE KEPT QUIET BECAUSE HE HAD HEARD WHAT THE ALCHYMIST SAID TO THE MONK
cv-valid-dev/sample-002589.mp3,but that was simply because my eye was tired,3,0,,,,4.7,BUT THAT WAS SIMPLY BECAUSE MY I WAS TIRED
cv-valid-dev/sample-002590.mp3,the thief wasn't there and the owner brought him a cup of tea,2,0,sixties,male,canada,5.1,THE THIEF WASN'T THERE AND THE OWNER BROUGHT HIM A CUP OF TEA
cv-valid-dev/sample-002591.mp3,he's after the money,2,0,,,,2.5,EZAF TA DAMANI
cv-valid-dev/sample-002592.mp3,cause you know how politicians are,2,0,twenties,male,us,2.7,CAUSE YOU KNOW HOW POLITICIANS ARE
cv-valid-dev/sample-002593.mp3,is that any good,1,0,teens,male,,2.2,IS THAT ANY GOOD
cv-valid-dev/sample-002594.mp3,a card hanging in the doorway announced that several languages were spoken in the shop,1,0,,,,7.8,A CARD HANGING IN THE DOORWAY ANNOUNCED THAT SEVERAL LANGUAGES WERE SPOKEN IN THE SHOP
cv-valid-dev/sample-002595.mp3,the crowd swayed a little as i elbowed my way through,2,0,thirties,female,bermuda,5.8,THE CROWD SWAYED A LITTLE AS I ELBOWED MY WAY THROUGH
cv-valid-dev/sample-002596.mp3,don't you understand french,2,0,,,,2.7,DON'T YOU UNDERSTAND FRENCH
cv-valid-dev/sample-002597.mp3,the burning fire had been extinguished,1,0,twenties,male,england,3.4,THE BURNING FIRE HAD BEEN EXTINGUISHED
cv-valid-dev/sample-002598.mp3,catherine walked alongside the canal,2,0,,,,4.7,CATHERINE WALKED ALONGSIDE THE CANAL
cv-valid-dev/sample-002599.mp3,why the shots stopped after the tenth no one on earth has tried to explain,2,0,twenties,male,,7.1,WHY THE SHOT STOPPED AFTER THE THINTH NO ONE ON EARTH HAS TRIED TO EXPLAIN
cv-valid-dev/sample-002600.mp3,the rest of you get in here and riot,1,0,,,,3.9,THE REST OF YOU GET IN HERE AND RIOT
cv-valid-dev/sample-002601.mp3,the guy thought he was a lunatic at large and made an unsuccessful attempt to stop him,3,0,,,,5.7,THE GUY THOUGHT HE WAS A LUNATIC ATHARG AND MADE AN UNSUCCESSFUL ATTEMPT TO STOP
cv-valid-dev/sample-002602.mp3,the horizon was tinged with red and suddenly the sun appeared,3,0,,,,4.8,THE HORIZON WAS TINGED WITH RAT AND SUDDENLY THE SUN APPEARED
cv-valid-dev/sample-002603.mp3,in order to find the treasure you will have to follow the omens,1,0,sixties,male,us,4.0,IN ORDER TO FIND THE TREASURE YOU WILL HAVE TO FOLLOW THE OMENS
cv-valid-dev/sample-002604.mp3,the burning fire had been extinguished,6,0,,,,3.3,THE BURNING FIRE HAVE BEEN EXTINGUISHED
cv-valid-dev/sample-002605.mp3,it was only when i got this close to it that the strangeness of it was at all evident to me,5,0,,,,5.8,IT WAS ONLY WHEN I GOT THIS CLOSE TO IT THAT THE STRANGENESS OF IT WAS AT ALL EVIDENT TO ME
cv-valid-dev/sample-002606.mp3,the snake fought frantically making hissing sounds that shattered the silence of the desert,1,0,thirties,male,us,6.2,THE SNAKE FOUGHT FRANTICALLY MAKING HISSING SOUNDS THAT SHATTERED THE SILENCE OF THE DESERT
cv-valid-dev/sample-002607.mp3,but now the sounds inside had stopped,1,0,,,,2.3,BUT NOW THE SOUNDS IN SIGHT HAD STOPPED
cv-valid-dev/sample-002608.mp3,more good luck telegrams,1,0,,,,2.4,MARGOOD LOOK TELEGRAMS
cv-valid-dev/sample-002609.mp3,only it'll be a lot easier with you,1,0,,,,4.4,ONLY IT'LL BE A LOT EASIER WITH YOU
cv-valid-dev/sample-002610.mp3,and he gave the boy his blessing,3,0,,,,3.1,AND HE GAVE THE BOY HIS BLESSING
cv-valid-dev/sample-002611.mp3,it was the old man who spoke first,5,0,twenties,male,us,2.9,IT WAS THE OLD MAN WHO SPOKE FIRST
cv-valid-dev/sample-002612.mp3,an huge hole had been made by the impact of the projectile,4,1,fourties,male,us,6.1,AN HUGE HOLE HAD BEEN MADE BY THE IMPECH OF THE PROJECTILE
cv-valid-dev/sample-002613.mp3,the caravan began to travel day and night,1,0,thirties,male,us,3.9,THE CARAVAN BEGAN TO TRAVEL DAY AND NIGHT
cv-valid-dev/sample-002614.mp3,and it knew nothing about love,3,0,twenties,female,us,2.2,AND IT KNEW NOTHING ABOUT LOVE
cv-valid-dev/sample-002615.mp3,i'm going to them,1,0,,,,3.3,I'M GOING TO
cv-valid-dev/sample-002616.mp3,the boy was surprised at his thoughts,1,0,,,,4.5,THE BOY WAS SURPRISED AT HIS THOUGHTS
cv-valid-dev/sample-002617.mp3,they were all furious when the escapade failed,1,0,,,,3.4,THEY WERE ALL FURIOUS WHEN THE ESCAPADE FAILED
cv-valid-dev/sample-002618.mp3,isn't it all too wonderful,3,0,,,,5.3,ISN'T IT ALL TOO WONDERFUL
cv-valid-dev/sample-002619.mp3,he's trying to trick you again,1,0,,,,2.5,HE'S TRYING TO TREAT YOU AGAIN
cv-valid-dev/sample-002620.mp3,the first rule of don't fight club is let's talk about it,8,0,,,,3.6,THE FIRST RULE OF DONG FY CLUB IS LET'S TALK ABOUT IT
cv-valid-dev/sample-002621.mp3,but instead of being saddened he was happy,1,0,,,,3.6,BUT INSTEAD OF BEING SEDDENED HE WAS HAPPY
cv-valid-dev/sample-002622.mp3,could have been on my way to old doc brown,2,0,,,,2.4,COULD HAVE BEEN UN MY WAD TO OLD DOCK BROWN
cv-valid-dev/sample-002623.mp3,fear is often the cause of violence,1,0,,,,3.2,FEAR IS OFTEN THE CAUSE OF VIOLENCE
cv-valid-dev/sample-002624.mp3,where do you think you're going,3,0,,,,1.6,WHYE DO YOU THINK YOU'RE GOING
cv-valid-dev/sample-002625.mp3,feller runs the february months,1,0,,,,4.2,FELLA RANTZ THE FEBRUARY MONTHS
cv-valid-dev/sample-002626.mp3,here i am between my flock and my treasure the boy thought,2,0,,,,4.3,HERE I AM BETWEEN MY FLOCK AND MY TREASURE THE BOY THOUGHT
cv-valid-dev/sample-002627.mp3,this was the strangest of all things that ever came to earth from outer space,3,0,sixties,male,england,4.6,THIS WAS THE STRANGEST OF ALL THINGS THAT EVER CAME TO EARTH FROM OUTER SPACE
cv-valid-dev/sample-002628.mp3,the level ground was blackened as far as one could see and it was still giving off smoke,5,0,,,,7.3,THE LEVEL GROUND WAS BLACKENED AS FAR AS INE COULD SEE AND HE WAS STILL GIVING OFF SMOKE
cv-valid-dev/sample-002629.mp3,that day the merchant gave the boy permission to build the display,3,0,twenties,male,us,4.4,THAT DAY THE MERCHANT GAVE THE BOY PERMISSION TO BUILD THE DISPLAY
cv-valid-dev/sample-002630.mp3,did you know that kevin marcus is back from school,1,0,,,,4.1,DID YOU KNOW THAT CAVIN MARCHUS IS BACK FROM SCHOOL
cv-valid-dev/sample-002631.mp3,this is the first phase of the job he said,1,0,,,,4.6,THIS IS THE FIRST PHASE OF THE JOB HE SAID
cv-valid-dev/sample-002632.mp3,now i will drift gently off to dreamland,1,0,,,,4.0,NOW I WILL DRIFT GENTLY OFF TO DREAMLAND
cv-valid-dev/sample-002633.mp3,the space quickly filled with people,1,0,twenties,male,,3.0,THE SPACE QUICKLY FILLED WITH PEOPLE
cv-valid-dev/sample-002634.mp3,were they quick or were they enraged,2,0,twenties,male,wales,3.1,WERE THEY QUICK OR WERE THEY ENRAGED
cv-valid-dev/sample-002635.mp3,he was selling better than ever,5,0,,,,3.6,HE WAS SELLING BETTER THAN EVER
cv-valid-dev/sample-002636.mp3,as he looked at the stones he felt relieved for some reason,2,1,,,,14.0,AS HE LOOKED AT THE STONES HE FELT RELIEVED FOR SOME REASON
cv-valid-dev/sample-002637.mp3,maybe because that wasn't really his dream,1,0,,,,3.5,MAYBE BECAUSE THAT WASN'T DERILLY HIS DREAM
cv-valid-dev/sample-002638.mp3,in his hand he grasped a snake by the tail,3,0,,,,4.3,IN HIS HAND HE GRASPED A SNIKE BY THE TILE
cv-valid-dev/sample-002639.mp3,but the boy was certain that he had been looking at them,3,0,,,,3.9,BUT THE BOY WAS CERTAIN THAT HE HAD BEEN LOOKING AT THEM
cv-valid-dev/sample-002640.mp3,we've still got two bucks left,3,0,,,us,2.6,WE'VE STILL GOT TWO BUCKS LEFT
cv-valid-dev/sample-002641.mp3,when you start to eat like this something is the matter,2,0,fifties,male,,4.0,WHEN YOU START TO EAT LIKE THIS SOMETHING IS THE MATTER
cv-valid-dev/sample-002642.mp3,it was bunched up and he had hardly thought of it for a long time,1,0,,,,4.6,IT WAS BUNCHED UP AND HE HARDLY THOUGHT OF IT FOR A LONG TIME
cv-valid-dev/sample-002643.mp3,we'll have to satisfy them,1,0,,,,2.7,WE'LL HAVE TO SATISFY THEM
cv-valid-dev/sample-002644.mp3,he moved about invisible but everyone could hear him,3,0,,,,4.5,HE MOVED ABOUT AND VISIBLE BUT EVERY ONE COULD HEAR HIM
cv-valid-dev/sample-002645.mp3,is the head better,1,0,,,,2.2,IS THE HEAD BETTER
cv-valid-dev/sample-002646.mp3,the shepherd swore that he would,3,0,,,,3.4,THE SHEPHERD SWORE THAT HE WOULD
cv-valid-dev/sample-002647.mp3,you can count on me under one condition,1,0,fourties,,australia,2.8,HE ENCOUNTED ME UNDER ONE CONDITION
cv-valid-dev/sample-002648.mp3,scattered groups of people were hurrying from the direction of woking,1,0,,,,5.5,SCATTERED GROUPS OF PEOPLE WERE HURRYING FROM THE DIRECTION OF WORKING
cv-valid-dev/sample-002649.mp3,you won't miss anything,1,0,,,,3.9,YOU WON'T MISS ANYTHING
cv-valid-dev/sample-002650.mp3,wasn't that a swell story we gave you,1,0,,,,3.5,WASN'T THAT A SWELL STORY WE GAVE YOU
cv-valid-dev/sample-002651.mp3,and the solid part was called the philosopher's stone,3,0,fourties,male,,3.4,AND THE SOLID PART WAS CALLED THE PHILOSOPHER'S STONE
cv-valid-dev/sample-002652.mp3,get the governor on the phone,2,0,,,,2.4,GET THE GOVERNOR ON THE THRONE
cv-valid-dev/sample-002653.mp3,i thought about whether we should find coins and models in it and so on,3,0,thirties,female,us,5.7,I THOUGHT ABOUT WHETHER WE SHOULD FIND COINS AND ROTTLES IN IT AND SO ON
cv-valid-dev/sample-002654.mp3,the war is going to end someday the girl said,1,0,,,,4.1,THE VOYS WON'T TO END SOME DAY THE GIRL SAID
cv-valid-dev/sample-002655.mp3,there were raised voicesand some sort of struggle appeared to be going on ,7,2,,,,5.8,THERE WERE RAISED VOICES AND SOME SORT OF STRUGGLE APPEARED TO BE GOING ON
cv-valid-dev/sample-002656.mp3,it is up there,2,1,thirties,female,ireland,1.6,IT'S UP THERE
cv-valid-dev/sample-002657.mp3,everyone on earth has a treasure that awaits him his heart said,2,0,,,,11.6,EVERY ONE ON EARTH HAS A TREASURER THAT AWATES HIM HIS HEART'S AKED
cv-valid-dev/sample-002658.mp3,all they wanted was food and water,2,0,thirties,female,us,3.1,ALL THEY WANTED WAS FOOD AND WATER
cv-valid-dev/sample-002659.mp3,it has happened many times before,2,0,,,,2.7,IT HAS HAPPENED MANY TIMES BEFORE
cv-valid-dev/sample-002660.mp3,it's extremely suspicious that there's no information about brains that didn't come from a brain,5,3,,,,7.0,IT'S EXTREMELY SUSPICIOUS THAT THERE IS NO INFORMATION ABOUT BRAINS THAT DIDN'T COME FROM HE BRAIN
cv-valid-dev/sample-002661.mp3,because you have already lost your savings twice,3,0,,,,3.1,BECAUSE YOU HAVE ALREADY LOST YOUR SAVINGS TWICE
cv-valid-dev/sample-002662.mp3,this is christmas eve,1,0,fifties,male,us,2.5,THIS IS CHRISTMAS EVE
cv-valid-dev/sample-002663.mp3,i'm going away he said,1,0,,,,4.3,I'M GOING AWAY HE SAID
cv-valid-dev/sample-002664.mp3,the italian got her words mixed up,1,0,,,,2.6,THE ITALIAN GOT HOWORTS MIXED UP
cv-valid-dev/sample-002665.mp3,the englishman was unable to sleep one night,147,11,,,,4.8,THE ENGLISHMAN WAS UNABLE TO SLEEP ONE NIGHT
cv-valid-dev/sample-002666.mp3,if you know of other games that play well with handsfree control please post in the comments,1,0,,,,7.1,IF YOU KNOW OF OTHER GAMES THAT PLAY WELL WITH HENCE FREE CONTROL PLEASE POST T IN THE COMMENS
cv-valid-dev/sample-002667.mp3,whenever he could he sought out a new road to travel,4,0,,,,5.3,WHENEVER IT GOLD HE SOUGHT OUT O NEW ROAD TO TRAVEL
cv-valid-dev/sample-002668.mp3,he was about the same age and height as the boy,2,0,,,,3.0,HE WAS ABOUT THE SAME AGE AND HEIGHT AS THE BOY
cv-valid-dev/sample-002669.mp3,then who's this one,1,0,twenties,male,us,3.0,THEN WHO'S THIS ONE
cv-valid-dev/sample-002670.mp3,he's right in my office there,2,1,thirties,male,southatlandtic,3.3,HE'S RIGHT IN MY OFFICE THERE
cv-valid-dev/sample-002671.mp3,but finally the merchant appeared and asked the boy to shear four sheep,3,0,teens,female,us,5.2,BUT FINALLY THE MERCHANT APPEARED AND ASKED THE BOY TO SHEAR FOUR SHEEP
cv-valid-dev/sample-002672.mp3,it was almost as if her life had been deleted,1,0,sixties,male,england,4.0,IT WAS ALMOST AS IF HER LIFE HAD BEEN DELATED
cv-valid-dev/sample-002673.mp3,the nurse waddled around the ward,2,0,thirties,female,canada,3.7,THE NURSE WADDLED AROUND THE WARD
cv-valid-dev/sample-002674.mp3,everything in life is an omen said the englishman now closing the journal he was reading,5,0,,,,6.2,EVERYTHING IN LIFE IS AN OMEN SAID THE ENGLISHMAN NOW CLOSING THE JOURNAL HE WAS READING
cv-valid-dev/sample-002675.mp3,business has really improved he said to the boy after the customer had left,1,0,,,,5.2,BUSINESS IS REALLY IMPROVED HE SAID TO THE BOY AFTER THE CUSTOMER HAD LEFT
cv-valid-dev/sample-002676.mp3,half an hour later his shovel hit something solid,3,0,seventies,male,australia,4.6,HALF AN HOUR LATER HIS SHOVEL HIT SOMETHING SOLID
cv-valid-dev/sample-002677.mp3,i heard a faint movement under my feet,8,0,fifties,female,england,3.1,I HEARD A FAINT MOVEMENT UNDER MY FEET
cv-valid-dev/sample-002678.mp3,sometimes it's better to be with the sheep who don't say anything,1,0,fifties,female,us,3.6,SOMETIMES IT'S BETTER BE WITH A SHEEP WHO DON'T SAY ANYTHING
cv-valid-dev/sample-002679.mp3,the builder placed the brick onto the plank of wood so it would bend into shape,1,0,,,,8.2,THE BUILDER PLACED THE BRICK ONTO THE PLANK OF WOOD SO IT WOULD BEND INTO SHAPE
cv-valid-dev/sample-002680.mp3,it is i the boy answered,3,0,thirties,male,us,2.7,IT IS I THE BOY ANSWERED
cv-valid-dev/sample-002681.mp3,must have been that jump in the cold water,1,0,,,,2.6,MUST HAVE BEEN THE JAMP AND THE COLD WATER
cv-valid-dev/sample-002682.mp3,i learned how to care for sheep and i haven't forgotten how that's done,4,0,,,,6.3,I LEARN HOW TO CARE FOR SHEEP AND I HAVEN'T FORGOTTEN HOW THAT'S DONE
cv-valid-dev/sample-002683.mp3,i heard a faint movement under my feet,3,0,teens,female,australia,4.0,I HEARD A FAINT MOVEMENT UNDER MY FEET
cv-valid-dev/sample-002684.mp3,hundreds must have seen it and taken it for a falling star,17,0,,,,5.5,HUNDREDS MUST HAVE SEEN IT AND TAKEN IT FOR A FALLING STAR
cv-valid-dev/sample-002685.mp3,i feel i ought to take care of her,2,0,,,,4.0,I FEEL I OUGHT TO TAKE CARE OF HER
cv-valid-dev/sample-002686.mp3,some do come back,1,0,sixties,female,england,2.6,SOME DO COME BACK
cv-valid-dev/sample-002687.mp3,the burning fire had been extinguished,3,0,,,,5.9,THE BURNING FIRE HAD BEEN EXTINGUISHED
cv-valid-dev/sample-002688.mp3,something bright reflected from his chest with such intensity that the boy was momentarily blinded,2,1,fifties,female,us,5.6,SOMETHING BRIGHT REFLECTED FROM HIS CHEST WITH SUCH INTENSITY THAT THE BOY WAS MOMENTARILY BLINDED
cv-valid-dev/sample-002689.mp3,i thought tonight i'd put miss kelly there,2,0,seventies,male,england,3.1,I THOUGHT TO NIGHT I'D PUT MISS KELLEY THERE
cv-valid-dev/sample-002690.mp3,the boy mumbled an answer that allowed him to avoid responding to her question,3,0,fifties,female,african,6.1,THE BOY MUMBLED AN ANSWER THAT ALLOWED HIM TO AVOID RESPONDING TO HER QUESTION
cv-valid-dev/sample-002691.mp3,but you will love her and she'll return your love,3,0,fourties,male,us,3.9,BUT YOU WILL LOVE HER AND SHALL RETURN YOUR LOVE
cv-valid-dev/sample-002692.mp3,as they moved along the boy tried to listen to his heart,2,1,,,,4.8,AS THEY MOVED ALONG THE BOY TRIED TO LISTEN TO HIS HEART
cv-valid-dev/sample-002693.mp3,evidently we're the floor show,1,0,sixties,female,us,2.6,EVIDENTLY WE'RE THE FLOOR SHOW
cv-valid-dev/sample-002694.mp3,and i'm afraid we want it back,1,0,thirties,male,us,4.3,AND I'M AFRAID WE WANT IT BACK
cv-valid-dev/sample-002695.mp3,i was scared but wasted no time in going out and crossing the bridge to the sand pits,3,1,,,,8.3,I WAS SCARED BUT WASTED NO TIME IN GOING OUT AND CROSSING THE BRIDGE TO THE SANPETS
cv-valid-dev/sample-002696.mp3,my wife pointed out to me the brightness of the red green and yellow signal lights,3,0,fourties,female,us,7.1,MY WIFE POINTED OUT TO ME THE BRIGHTNESS OF THE RED GREEN AND YELLOW SIGNAL LIGHTS
cv-valid-dev/sample-002697.mp3,the alchemist knocked on the gate of the monastery,3,0,thirties,female,us,8.4,THE ALCHYMISTS KNOCKED ON THE GATE OF THE MONASTERY
cv-valid-dev/sample-002698.mp3,i had that right here,1,0,,,,2.1,I HAVE THAT FRIGHT HERE
cv-valid-dev/sample-002699.mp3,the tribal chieftains will see that and you'll be dismissed from your position as counselor,1,0,,,,6.1,THE TRIBAL CHIEFTAINS WILL SEE THAT AND YOU'LL BE DISMISSED FROM YOUR POSITION AS COUNSELLOR
cv-valid-dev/sample-002700.mp3,the brake fluid was leaking out onto the path,1,0,,,,4.3,THE BREAK FLUID WAS LEAKING OUT INTO THE PATHS
cv-valid-dev/sample-002701.mp3,her manipulation failed,2,0,,,,2.3,HER MANIPULATION FAILED
cv-valid-dev/sample-002702.mp3,it was however still so hot from its flight through the air,3,0,,,,4.5,IT WAS HOWEVER STILL SO HOT FROM ITS FLIGHT THROUGH THE AIR
cv-valid-dev/sample-002703.mp3,treason is a blow that comes unexpectedly,2,0,,,,3.3,TREASON'S HAVE BLOWN THAT COMES IN ESPECTEDLY
cv-valid-dev/sample-002704.mp3,that was his work,1,0,,,,4.8,THAT WAS HIS WORK
cv-valid-dev/sample-002705.mp3,they could barely see the boy,1,0,fourties,male,england,2.8,THEY COULD BARELY SEE THE BOY
cv-valid-dev/sample-002706.mp3,strange images passed through my mind,3,0,,,,3.1,STRANGE AVEGIES PASSED THROUGH MY MIND
cv-valid-dev/sample-002707.mp3,it means only that the heart does what it can the alchemist said,2,1,,,,10.0,IT'S ONLY THAT THE HEART DOES WHAT IT CAN THEALCHEMIST SAID
cv-valid-dev/sample-002708.mp3,the boy preferred wine,5,0,,,,2.4,THE BOY PREFERRED WINE
cv-valid-dev/sample-002709.mp3,he was just and good,1,0,,,,3.3,HE WAS JUST AND GOOD
cv-valid-dev/sample-002710.mp3,the level ground was blackened as far as one could see and it was still giving off smoke,4,1,,,,7.3,THE LEVEL GROUND WAS BLACKENED AS FAR AS ONE COULD SAVE AND IT WAS STILL GIVING OFF SMALK
cv-valid-dev/sample-002711.mp3,but the alchemist continued to look to the horizon,3,0,,,,5.1,BUT THE ALCHEMIST CONTINUED TO LOOK TO THE HORIZON
cv-valid-dev/sample-002712.mp3,what are you doing in here,2,0,,,,2.3,WHAT ARE YOU DOING IN HERE
cv-valid-dev/sample-002713.mp3,i always have been,2,0,,,,2.6,I ALWAYS HAVE BEEN
cv-valid-dev/sample-002714.mp3,what am i going to do,1,0,,,,3.0,WHAT AM I GOING TO DO
cv-valid-dev/sample-002715.mp3,who's gonna get him,1,0,thirties,female,us,1.7,WHO'S GOINE GET EM
cv-valid-dev/sample-002716.mp3,the other son was a poet and delighted all of rome with his beautiful verses,2,0,,,,5.4,THE OTHER SON WAS A POET AND DELIGHTED ALL OF ROME WITH HIS PEACEFUL VERSES
cv-valid-dev/sample-002717.mp3,tell me more about your dream said the woman,1,0,,,,3.7,TELL ME MORE ABOUT YOUR DREAM SAID THE WOMAN
cv-valid-dev/sample-002718.mp3,so the wind blew with all its strength and the sky was filled with sand,3,0,,,,3.6,SO THE WIND BLEW WITH ALL ITS STRENGTH AND THE SKY WAS FILLED WITH SAND
cv-valid-dev/sample-002719.mp3,he stood irresolute for a moment and then scrambled out of the pit,1,0,,,,3.9,HE STOOD IRRESOLUTE FOR A MOMENT AND THEN SCRAMBLED OUT OF THE PIT
cv-valid-dev/sample-002720.mp3,where do you think you're going,2,0,,,,3.6,WHERE DO YOU THINK YOU'RE GOING
cv-valid-dev/sample-002721.mp3,how long is it,1,0,,,,2.7,HOW LONG IS IT
cv-valid-dev/sample-002722.mp3,they eat lunch together often but dont really talk outside the office,1,0,,,,9.1,THEY EAT LUNCH TOGETHER OFTEN BUT DON'T REALLY TALK OUTSIDE THE OFFICE
cv-valid-dev/sample-002723.mp3,the boy said nothing,3,0,,,,2.8,THE BOY SAID NOTHING
cv-valid-dev/sample-002724.mp3,the newspaper articles had prepared everyone for the reception of the idea,351,15,,,,6.2,THE NEWSPAPER ARTICLES HAD PREPARED EVERYONE FOR THE RECEPTION OF THE IDEA
cv-valid-dev/sample-002725.mp3,now let's see what you look like when you protest,1,0,twenties,male,us,4.3,NOW LET'S SEE WHAT YOU LOOK LIKE WHEN YOU PROTEST
cv-valid-dev/sample-002726.mp3,the guitar broke and she couldn't play anymore,1,0,,,,3.3,THE GITTAR BROKEAND SHE COULDN'T PLAY ANY MORE
cv-valid-dev/sample-002727.mp3,the men fell into an animated discussion,2,0,,,,4.7,THE MEN FELL INTO AN ANIMATED DISCUSSION
cv-valid-dev/sample-002728.mp3,they are so used to me that they know my schedule he muttered,2,0,,,,6.2,THEY ARE SO USED TO ME THAT THEY KNOW MY SCHEDULE HE MUTTERED
cv-valid-dev/sample-002729.mp3,i read only what the birds wanted to tell me,1,0,,,,3.3,I READ ONLY WHAT THE BIRDS WANTED TO TELL ME
cv-valid-dev/sample-002730.mp3,listen to that mob,2,0,,,,7.7,LISTEN TO THAT MORE
cv-valid-dev/sample-002731.mp3,men have never understood the words of the wise,7,1,,,,4.2,MEN HAVE NEVER UNDERSTOOD THE WORDS OF THE WISE
cv-valid-dev/sample-002732.mp3,let me tell you what will happen,3,0,,,,2.9,LET ME TELL YOU WHAT WILL HAPPEN
cv-valid-dev/sample-002733.mp3,the clock was slightly askew,1,0,,,,3.0,THE CLOCK WAS SLIGHTLY ASCUE
cv-valid-dev/sample-002734.mp3,it would be very useful if my web browser could synchronize all of its preferences not just some,1,0,,,,6.2,IT WOULD BE VERY USEFUL IF MY WEBBROWSER COULD SYNCRONIZE ALL ITS PREFERENCES NOT JUST SOME
cv-valid-dev/sample-002735.mp3,the camel driver understood what the boy was saying,4,1,,,,3.7,THE CAMEL DRIVER UNDERSTOOD WHAT THE BOY WAS SAYING
cv-valid-dev/sample-002736.mp3,it's extremely suspicious that there's no information about brains that didn't come from a brain,2,0,,,,8.8,IT'S EXTREMELY SUSPICIOUS THAT THERE'S NO INFORMATION ABOUT BRAINS THAT DIDN'T COME FROM A BRAIN
cv-valid-dev/sample-002737.mp3,he quickly pulled his hands away,6,0,twenties,male,us,2.6,HE QUICKLY PULLED HIS HANDS AWAY
cv-valid-dev/sample-002738.mp3,c'mon over and join our party,2,0,,,,3.7,KWONOLIVER AND JOIN OPADI
cv-valid-dev/sample-002739.mp3,no one seemed to have thought about it that night,3,0,,,,2.6,NO ONE SEEMED TO HAVE THOUGHT ABOUT IT THAT NIGHT
cv-valid-dev/sample-002740.mp3,they were strange books,3,0,,,,4.8,THEY WERE STRANGE BOOKS
cv-valid-dev/sample-002741.mp3,the boy said nothing,4,0,,,,2.6,THE BOYS HEARD NOTHING
cv-valid-dev/sample-002742.mp3,in a weeks time we're going to america,1,0,,,,3.6,IN A WEEK'S TIME WE ARE GOING TO AMERICA
cv-valid-dev/sample-002743.mp3,then one day the boy returned the books to the englishman,1,0,,,,4.0,THEN ONE DAY THE BOY RETURNED THE BOOKS TO THE ENGLISHMAN
cv-valid-dev/sample-002744.mp3,he heard a muffled grating sound and saw the black mark jerk forward an inch or so,2,0,seventies,male,us,8.5,HE HEARD A MUFFLED GRATING SOUND AND SAW THE BLACK MARK JERK FORWARD AN INCH OR SO
cv-valid-dev/sample-002745.mp3,what had been next to him five minutes ago was now at the other side,1,0,fifties,male,england,4.5,WHATULD BE NEXT TO IM FIVE MINUTES AGO WAS NOW AT THE OTHER SAD
cv-valid-dev/sample-002746.mp3,i needed immediate access,1,0,twenties,male,,2.0,I NEEDED IMMEDIATE EXCESS
cv-valid-dev/sample-002747.mp3,i pointed out mars a bright dot of light,8,0,teens,male,,3.3,I POINTED OUT MASS BRIDE DUT OF LI
cv-valid-dev/sample-002748.mp3,don't ask me why i don't know why,3,0,,,,3.4,DON'T ASK ME WHY I DON'T KNOW WHY
cv-valid-dev/sample-002749.mp3,he was more certain of it than of anything in the world,2,0,fifties,male,england,4.0,HE WAS MORE CERTAIN OF IT THAN ANYTHING IN THE WORLD
cv-valid-dev/sample-002750.mp3,three days from now he would be with the merchant's daughter,3,0,twenties,male,us,3.7,THREE DAYS FROM NOW HE WOULD BE WITH THE MERCHANT'S DAUGHTER
cv-valid-dev/sample-002751.mp3,the two men hurried back and found the cylinder still lying in the same position,3,0,,,,7.4,THE TWO MEN HURRIED BACK AND FOUND THE CYLINDER STILL LYING IN THE SAME POSITION
cv-valid-dev/sample-002752.mp3,and he wasn't faring much better,3,0,,,,3.9,AND HE WASN'T FARY MUCH BETTER
cv-valid-dev/sample-002753.mp3,i didn't fall in,1,0,,,,2.2,I DIDN'T FORN IN
cv-valid-dev/sample-002754.mp3,i wasn't born yesterday,1,0,,,,2.6,I WAS IN BORN YESTERDAY
cv-valid-dev/sample-002755.mp3,i get thirty dollars a week,2,0,,,,3.4,I GET THIRTY DOLLARS A WEEK
cv-valid-dev/sample-002756.mp3,he started to read the book he had bought,3,0,,,,4.7,HE STARTED TO READ THE BOOK HE HAD BOUGHT
cv-valid-dev/sample-002757.mp3,it's always nice if you can learn something new isn't it,1,0,,,,3.9,IT'S ALWAYS NICE IF YOU CAN LEARN SOMETHING NEW ISN'T IT
cv-valid-dev/sample-002758.mp3,look where you're going,1,0,thirties,male,england,2.4,LOOK WHERE YOU'RE GOING
cv-valid-dev/sample-002759.mp3,take hold of the cover,1,0,,,,3.7,TAKE HOLD OF TE COVER
cv-valid-dev/sample-002760.mp3,he moved about invisible but everyone could hear him,3,0,twenties,male,us,3.7,HE MOVED ABOUT INVISIBLE BUT EVERY ONE COULD HEAL HIM
cv-valid-dev/sample-002761.mp3,mother is coming with us on the train,1,0,,,,3.6,MOTHER IS COMING WITH US ON THE TRAIN
cv-valid-dev/sample-002762.mp3,that's true the boy thought,2,0,,,,2.9,THAT'S TRUE THE BOY FOUGHT
cv-valid-dev/sample-002763.mp3,you just don't know all that you've done,1,0,thirties,female,us,2.5,YOU JUST DON'T KNOW ALL THAT YOU'VE DONE
cv-valid-dev/sample-002764.mp3,always heed the omens the old king had said,3,0,,,,3.6,ALWAYS HEA THE OMENS THE OLD KING HAD SAID
cv-valid-dev/sample-002765.mp3,that night there was another jetting out of gas from the distant planet,14,0,thirties,male,england,4.6,THAT NIGHT THERE WAS ANOTHER JETTING OUT OF GAS FROM A DISTANT PLANET
cv-valid-dev/sample-002766.mp3,a half a heelot,1,0,twenties,male,,2.2,A HALF A HEELOT
cv-valid-dev/sample-002767.mp3,to do that successfully i must have no fear of failure,1,0,twenties,male,us,4.1,TO DO THAT SUCCESSFULLY I MUST HAVE NO FEAR OF FAILURE
cv-valid-dev/sample-002768.mp3,in order to find the treasure you will have to follow the omens,1,0,,,,4.5,IN ORDER TO PINT THE TREASURE YOU WILL HAVE TO FOLLOW THE OMENS
cv-valid-dev/sample-002769.mp3,the comparison to other works on different databases is still problematic,2,0,thirties,male,us,4.3,THE COMPARISON TO OTHER WORKS ON DIFFERENT DATA BASIS IS STILL PROBLEMATIC
cv-valid-dev/sample-002770.mp3,they also began to feel that they knew a better way than others had,4,0,sixties,male,canada,5.3,THEY ALSO BEGAN TO FEEL THAT THEY KNEW A BETTER WAY THAN OTHERS HAD
cv-valid-dev/sample-002771.mp3,the boy was also saddened his friend was in pursuit of his destiny,1,0,twenties,male,philippines,5.7,THE BOY WAS ALSO SADDEN HIS FRIEND WAS INBERCHEL INT OF HIS DESTINY
cv-valid-dev/sample-002772.mp3,i myself heard nothing of that,3,0,twenties,male,,3.3,I MYSELF HEARD NOTHING OF THAT
cv-valid-dev/sample-002773.mp3,she would never know the difference because she didn't know how to read,2,0,,,,18.6,SHE WOULD NEVER KNOW THE DIFFERENCE BECAUSE SHE DIDN'T KNOW HOW TO READ
cv-valid-dev/sample-002774.mp3,there were three hundred wells fifty thousand date trees and innumerable colored tents spread among them,1,0,,,,9.1,THERE WERE THREE HUNDRED WELLS FIFTY THOUSAND DATE TREES AND INNUMERABLE COLOURED TENTS SPREAD AMONG THEM
cv-valid-dev/sample-002775.mp3,gimme the receiving room,2,0,,,,2.7,GIVE ME THE RECEIVING ROOM
cv-valid-dev/sample-002776.mp3,he didn't need to seek out the old woman for this,1,0,,,,4.4,HE DIDN'T NEED TO SEEK HOUD THE OLD WOMAN FOR THIS
cv-valid-dev/sample-002777.mp3,but in his heart he knew that it did matter,2,0,,,,5.3,BUT IN HIS OWN HE MILTED ID MATTEN
cv-valid-dev/sample-002778.mp3,i want to get something out of it,1,0,thirties,female,ireland,2.2,I WANT TO GET SOMETHING OUT OF IT
cv-valid-dev/sample-002779.mp3,there's nothing more we can do tonight,2,1,twenties,male,england,3.1,THERE IS NOTHING MORE WE CAN DO TO NIGHT
cv-valid-dev/sample-002780.mp3,that was the law of hospitality,1,0,twenties,male,us,2.6,THAT WAS THE LAW OF HOSPITALITY
cv-valid-dev/sample-002781.mp3,he came to understand its dodges and tricks and to accept it as it was,3,0,,,,5.3,HE CAME TO UNDERSTAND ITS DODGES AND TRICKS AND TO ACCEPT IT AS IT WAS
cv-valid-dev/sample-002782.mp3,it didn't bring with it the smell of the desert nor the threat of moorish invasion,3,0,,,,28.5,IT DIDN'T BRING WITH IT THE SMELL OF THE DESERT NOR THE THREAT OF MOORISH INVASION IT DIDN'T BRING WITH IT THE SMELL OF THE DESERT NOR THE THREAT OF MOORISH INVASION
cv-valid-dev/sample-002783.mp3,he lives at the alfayoum oasis his friend had said,1,0,,,,6.1,HE LIVES AT THE ALFAYUM OASIS HIS FRIEND HAD SAID
cv-valid-dev/sample-002784.mp3,and this is for me said the alchemist keeping one of the parts,3,0,,,,6.5,AND THIS IS FOR ME SAID THE ALCHEMIST KEEPING ONE OF THE PARTS
cv-valid-dev/sample-002785.mp3,the same hand that had brandished the sword now held a whip,1,0,,,,5.0,THE SAME HAND THAT HAD BRANCHED THE SWORD NOW HELD A WHIP
cv-valid-dev/sample-002786.mp3,that guy over there likes to drink a lot talk a lot but do nothing,1,0,thirties,male,,5.1,THAT GUY OVER THERE LIKES TO DRINK A LOT TALK A LOT BUT DO NOTHING
cv-valid-dev/sample-002787.mp3,another hour to write it,1,0,twenties,male,,2.8,ANOTHER HOUR TO RIDE IT
cv-valid-dev/sample-002788.mp3,this is a common misconception sheldon said,1,0,twenties,male,us,3.5,THIS IS A COMMON MISCONCEPTION SHELDAN SAID
cv-valid-dev/sample-002789.mp3,he approached the mass and was surprised at the size and the shape,3,1,thirties,male,newzealand,4.2,HE APPROACHED THE MACE AND WAS SURPRISED AT THE SIZE IN THE SHAPE
cv-valid-dev/sample-002790.mp3,i'm trying to explain to my mother how to get pictures off her phone,1,0,,,,10.9,I AM TRYING TO EXPLAIN TO MY MOTHER HOW TO GET PICTURES OF HER PHONE
cv-valid-dev/sample-002791.mp3,i didn't mean to shoot him,3,0,,,,1.6,I DIDN'T MEAN TO SHOOT IM
cv-valid-dev/sample-002792.mp3,the speech will continue,2,0,,,,3.4,THE SPEECH WILL CONTINUE
cv-valid-dev/sample-002793.mp3,alchemy is a serious discipline,1,0,,,,3.0,ERCHEMY IS A SERIOUS DISCIPLINE
cv-valid-dev/sample-002794.mp3,'and this is what your son said' the angel told the man,1,0,,,,4.7,AND THIS IS WHAT YOUR SON SAID THE ANGEL TOLD THE MAN
cv-valid-dev/sample-002795.mp3,just what is the lowdown on williams,1,0,,,,3.9,JUST WHAT IS THE LOW DOWN ON WILLIAMS
cv-valid-dev/sample-002796.mp3,it's easy for you to talk,2,0,twenties,male,us,2.3,IT'S EASY FOR YOU TO TALK
cv-valid-dev/sample-002797.mp3,how many times are you gonna call me,2,0,,,,6.7,HOW MANY TIMES ARE YOU GOING TO CALL ME
cv-valid-dev/sample-002798.mp3,the boy put the stones in his pouch,1,0,thirties,male,us,3.4,THE BOY PUT THE STONES IN HIS POUCH
cv-valid-dev/sample-002799.mp3,but it is not a class that was requested by our alumni or prospective students,1,0,seventies,male,england,7.9,BUT IT IS NOT A CLASS THAT WAS REQUESTED BY OUR ALUMNAI OR PROSPECTIVE STUDENT
cv-valid-dev/sample-002800.mp3,i have the diet of a kid who found twenty dollars,4,0,,,,3.9,I HAVE THE DIET OF A KED WHO FOUD TWENTY DOLLARS
cv-valid-dev/sample-002801.mp3,this can arouse national interest,1,0,,,,2.6,THIS CAN AROUSE NATIONAL INTEREST
cv-valid-dev/sample-002802.mp3,there was hardly any movement from the pit,1,0,,,,5.6,THERE WAS HARDLY ANY MOVEMENT FROM THE PIT
cv-valid-dev/sample-002803.mp3,but you are in the desert,3,0,,,,2.6,BUT YOU'RE IN THE DESERT
cv-valid-dev/sample-002804.mp3,the people were also praying to heaven for protection,3,0,twenties,male,indian,3.9,THE PEOPLE WERE ALSO PRAYING TO HEAVEN FOR PROTECTION
cv-valid-dev/sample-002805.mp3,they shouted consolation and promises and went off back to the town again to get help,12,0,,,,5.2,THEY SHOUTED CONSOLATION AND PROMISES AND WENT OFF BACK TO THE TOWN AGAIN TO GET HELP
cv-valid-dev/sample-002806.mp3,the greatest authority on meteorites stated that the height of its first appearance was about ninety or one hundred miles,3,0,twenties,female,us,7.8,THE CRITUS AUTORITY ON MITIO RITES STATED THAT THE A OF ITS FIRST EPERANCE WAS ABOUT NINETY OR ONE HUNDRED MILES
cv-valid-dev/sample-002807.mp3,once to the thief and once to the general,3,0,thirties,male,england,3.0,ONCE TO THE THIEF AD ANTITY OF THE GENERAL
cv-valid-dev/sample-002808.mp3,because of the omens the alchemist answered,21,2,,,,4.6,BECAUSE OF THE ALMONS THE ALCHYMIST ANSWERED
cv-valid-dev/sample-002809.mp3,well why did you say that i don't know about love the sun asked the boy,3,0,,,,4.9,WELL WHY DID YOU SAY DOT I DON'T KNOW ABOUT LAUF DE SON ASKED DE BOY
cv-valid-dev/sample-002810.mp3,you came so that you could learn about your dreams said the old woman,4,0,sixties,female,us,5.3,YOU CAME SO THAT YOU COULD LEARN ABOUT YOUR DREAMS SAID THE OLD WOMAN
cv-valid-dev/sample-002811.mp3,february took a book from the shelves,2,0,thirties,male,us,2.2,FEBRUARY TOOK A BOOK FROM THE SHELVES
cv-valid-dev/sample-002812.mp3,on the following day the first clear sign of danger appeared,2,1,sixties,female,african,4.5,ON THE FOLLOWING DAY THE FIRST CLEAR SIGN OF DANGER APPEARED
cv-valid-dev/sample-002813.mp3,why don't you want me to see him,1,0,thirties,male,england,2.6,WHY DON'T YOU WANT ME TO SEE HIM
cv-valid-dev/sample-002814.mp3,it was the time of day when all of spain slept during the summer,2,0,thirties,female,us,6.4,IT WAS THE TIME OF DAY WHEN ALL OF ANE SLEPT DURING THE SUMMER
cv-valid-dev/sample-002815.mp3,the cat sat on the fence,1,0,,,,2.5,THE CAT SAT ON THE FENCE
cv-valid-dev/sample-002816.mp3,everybody quiet and ready for an emergency,1,0,twenties,male,,3.0,EVERYBODY QUIET AND READY FOR AN EMERGENCY
cv-valid-dev/sample-002817.mp3,speak to the hand that wrote all said the sun,1,0,teens,female,us,2.6,SPEAK TO THE HAND THAT WROTE IT ALL SAID THE SON
cv-valid-dev/sample-002818.mp3,and the sand and gravel had been flung violently in every direction,3,0,,,,3.9,AND THE SAND AND GRAVEL HAD BEEN FLUNG VIOLENTLY IN EVERY DIRECTION
cv-valid-dev/sample-002819.mp3,but bakers are more important people than shepherds,2,1,twenties,male,us,2.8,BUT BANKERS A MORE IMPORTANT PEOPLE THAN SEPARATE
cv-valid-dev/sample-002820.mp3,have a good trip,2,0,twenties,female,australia,3.0,HAVE A GOOD TRICK
cv-valid-dev/sample-002821.mp3,it was only when i got this close to it that the strangeness of it was at all evident to me,2,0,,,,10.5,IT WAS ONLY WHEN I GOT THIS CLOSE TO IT THAT THE STRANGENESS OF IT WAS AT ALL EVIDENT TO ME
cv-valid-dev/sample-002822.mp3,fatima was more important than his treasure,2,0,,,,3.4,FATIMER WAS MORE IMPORTANT THAN HIS TREASURE
cv-valid-dev/sample-002823.mp3,i make my living forecasting the future for people he said,2,0,twenties,male,indian,4.6,I MAKE MY LIVING FORCASTING THE FUTURE FOR PEOPLE HE SAID
cv-valid-dev/sample-002824.mp3,i'm going away he said,4,0,,,,2.6,I'M GOING AWAY HE SAID
cv-valid-dev/sample-002825.mp3,he approached the mass and was surprised at the size and the shape,4,0,,,,5.9,HE APPROACHED THE MASS AND WAS SURPRISED AT THE SIZE AND THE SHAPE
cv-valid-dev/sample-002826.mp3,in any case it's good that you've learned that everything in life has its price,1,0,,,,7.3,IN ANY CASE IT'S GOOD THAT YOU'VE LEARNED THAT EVERYTHING IN LIFE HAS ITS PRICE
cv-valid-dev/sample-002827.mp3,that doesn't happen to just anyone,3,0,,,,2.8,THAT DOESN'T HAPPEN TO JUST ANYONE
cv-valid-dev/sample-002828.mp3,it is i who dared to do so said the boy,2,0,twenties,male,,4.5,IT WAS I WHO DARED TO DO SO SAID THE BOY
cv-valid-dev/sample-002829.mp3,ten years at the university and here i am in a corral,2,0,,,,6.0,TEN YEARS OF THE UNIVERSITY AND HERE I AM IN A CORRAL
cv-valid-dev/sample-002830.mp3,the whole town's in an uproar,1,0,twenties,male,us,2.3,THE WHOLE TOWN'S IN AN UPROAR
cv-valid-dev/sample-002831.mp3,the englishman asked if they were in danger,2,0,,,,3.9,THE ENGLISHMEN ASKED IF THEY WERE IN DINJA
cv-valid-dev/sample-002832.mp3,the references are good in the very narrow area of histogram methods,3,0,thirties,female,canada,4.3,THE REFERENCES ARE GOOD IN THE VERY NARROW AREA OF HISTOGRAM METHODS
cv-valid-dev/sample-002833.mp3,in some places the ground was covered with the salt of driedup lakes,4,0,,,,9.1,IN SOME PLACES THE GROUND WAS COVERED WITH THE SALT OF DRIED UP LAKES
cv-valid-dev/sample-002834.mp3,he was planning as he left the bar,1,0,,,,4.8,HERE WAS PLANNING AS HE LEFT THE BAR
cv-valid-dev/sample-002835.mp3,it was the time of day when all of spain slept during the summer,2,0,,,,4.5,IT WAS THE TIME OF DAY WHEN ALLIVE SPAIN SLEPT DURING THE SUMMER
cv-valid-dev/sample-002836.mp3,but nowhere could he find his new companion,2,1,twenties,male,indian,3.8,BUT NOWHERE COULD HE FIND HIS NEW COMPANION
cv-valid-dev/sample-002837.mp3,the whole creature heaved and pulsated convulsively,1,0,,,,5.0,THE WHOLE CREATURE HEAVED AND PULSATED CONVULSIVELY
cv-valid-dev/sample-002838.mp3,if you know your heart well it will never be able to do that to you,1,0,fourties,male,us,4.3,IF YOU KNOW YOUR HEART WELL IT WILL NEVER BE ABLE TO DO THAT TO YOU
cv-valid-dev/sample-002839.mp3,but there was a sixth day the sun went on,1,0,,,,3.9,BUT THERE WAS A SIXTH DAY THE SUN WENT ON
cv-valid-dev/sample-002840.mp3,most meteorites are more or less rounded,3,0,,,,4.4,MOST METEORITES ARE MORE OR LESS ROUNDED
cv-valid-dev/sample-002841.mp3,tell me more about your dream said the woman,3,0,twenties,female,us,3.0,TELL ME MORE ABOUT YOUR DREAM SAID THE WOMAN
cv-valid-dev/sample-002842.mp3,that's the point at which most people give up,3,0,twenties,male,indian,2.9,DUT STU POIN DACK VICH MOST PEOPLE YO GIVE UP
cv-valid-dev/sample-002843.mp3,i have to separate out the sulfur,1,0,twenties,male,us,3.1,I HAVE TO SEPARATE OUT THE SULPHUR
cv-valid-dev/sample-002844.mp3,this is a trick to get your sympathy,1,0,,,,2.9,THIS IS A TRUT TO GIT YOUR SYMPATHY
cv-valid-dev/sample-002845.mp3,just as your grandfather taught you,3,0,teens,male,us,3.4,JUST AS YOUR GRANDFATHER TAUGHT YOU
cv-valid-dev/sample-002846.mp3,because of the omens the alchemist answered,3,0,thirties,male,newzealand,2.7,BECAUSE OF THE OMENS THE ALCHYMIST ANSWERED
cv-valid-dev/sample-002847.mp3,some do come back,1,0,,,,2.1,SOME DO COME BACK
cv-valid-dev/sample-002848.mp3,what does that get us,2,0,,,,2.3,WHAT DOES THAT GESSUS
cv-valid-dev/sample-002849.mp3,that was the law of hospitality,2,1,,,,2.6,THERE WAS A LOW OF HOSPITALITY
cv-valid-dev/sample-002850.mp3,throughout the night the boy dug at the place he had chosen but found nothing,1,0,,,,5.8,THROUGHOUT THE NIGHT THE BOY DUG AT THE PLACE HE HAD CHOSEN BUT FOUND NOTHING
cv-valid-dev/sample-002851.mp3,only when he himself reveals it,3,0,,,,3.6,ONLY WHEN HE HIMSELF REVEALS IT
cv-valid-dev/sample-002852.mp3,it's easy and yet i've never done it before he thought,1,0,,,,5.1,IT'S EASY AND YET I'VE NEVER DONE IT BEFORE HE THOUGHT
cv-valid-dev/sample-002853.mp3,now i too will be one of the women who wait,2,0,,,,4.2,NOW I TOO WILL BE ONE OF THE WOMEN WHO WAIT
cv-valid-dev/sample-002854.mp3,and don't forget the language of omens,2,1,seventies,male,australia,3.2,AND DON'T FORGET THE LANGUAGE OF OMENS
cv-valid-dev/sample-002855.mp3,and you can meet us at the station,1,0,,,,2.7,AND YOU CAN MEET US AT THE STATION
cv-valid-dev/sample-002856.mp3,he listened to the wind and felt the stones beneath his feet,4,0,,,,6.2,HE LISTENED TO THE WIND AND FELT THE STONES BENEATH HIS FEET
cv-valid-dev/sample-002857.mp3,there the alchemist separated the disk into four parts,2,0,thirties,female,,5.0,THERE THE ALCHEMISTS SEPARATED THE DISK INTO FOUR PARTS
cv-valid-dev/sample-002858.mp3,i had the everyone has gary busey's teeth dream again,9,0,thirties,male,england,4.2,I HADVE EVERY ONE HAS GARIBUSI'S TEETH DREAM AGAIN
cv-valid-dev/sample-002859.mp3,and one or two persons were returning,2,1,,,,4.5,AND ONE OR TWO PERSONS WERE ATOURNING
cv-valid-dev/sample-002860.mp3,first they tried to find him on their own,1,0,,,,2.5,FIRST THEY TRIED TO FIND HIM UNDHER
cv-valid-dev/sample-002861.mp3,there were lights in the upper windows of the houses when the people went to bed,2,1,,,,6.1,THERE WERE LIGHTS IN THE UPPER WINDOW OF THE HOUSES WHEN THE PEOPLE WENT TO BED
cv-valid-dev/sample-002862.mp3,it was such a gradual movement that he found it only by noticing the dots,1,0,,,,5.1,IT WAS SUCH A GRADUAL MOVEMENT THAT HE FOUND IT ONLY BY NOTICING THE DOTS
cv-valid-dev/sample-002863.mp3,maybe because that wasn't really his dream,3,0,,,,3.3,MAYBE BECAUSE THAT WASN'T REALLY HIS DREAM
cv-valid-dev/sample-002864.mp3,i am proud of you he said,3,0,,,,4.4,I AM PROUD OF YOU HE SAID
cv-valid-dev/sample-002865.mp3,he said that everything has its own destiny,3,0,twenties,male,us,3.6,HE SAID THAT EVERYTHING HAS ITS OWN DESTINY
cv-valid-dev/sample-002866.mp3,dense clouds of smoke or dust can be seen through a powerful telescope,5,0,,,,4.5,THENCE CLOUDS OF SMOKE OR DUST CAN BE SEENT THROUGH A POWERFUL TELESCOPE
cv-valid-dev/sample-002867.mp3,that's good thought the englishman,2,0,fifties,male,,2.5,THAT'S GOOD THOUGHT THE ENGLISHMAN
cv-valid-dev/sample-002868.mp3,everywhere there were stalls with items for sale,2,0,,,,4.3,EVERYWHERE THERE WERE STALLS WITH ITEMS FOR SALE
cv-valid-dev/sample-002869.mp3,are you going to go to julia's,1,0,twenties,male,us,1.3,AREEGOING TO JULIUS
cv-valid-dev/sample-002870.mp3,drawing from my own experience as a learner of english and german i value engaging activities that involve everyday conversation,1,0,twenties,female,,8.7,DRAWING FROM MY OWN EXPERIENCE AS A LEARNER OF ENGLISH AND GERMAN I VALUED ENGAGING ACTIVITIES THAT INVOLVED EVERYDAY CONVERSATION
cv-valid-dev/sample-002871.mp3,i think it's marvelous,1,0,thirties,male,,2.8,I THINK IT'S MARVELOUS
cv-valid-dev/sample-002872.mp3,the boy went to his room and packed his belongings,4,0,fourties,female,australia,4.4,THE BOY WENT TO HIS ROOM AND PECKED HIS BELONGINGS
cv-valid-dev/sample-002873.mp3,but as he saw them lying there on the ground another phrase came to his mind,2,0,,,,7.0,BUT AS HE SAW THEM LYING THERE ON THE GROUND ANOTHER PHRASE CAME TO HIS MIND
cv-valid-dev/sample-002874.mp3,the lead had dried into the shape of the pan but it was no longer lead,6,0,,,,5.6,THE LEAD HAD DRIED INTO THE SHAPE OF THE PAN BUT IT WAS NO LONGER LEAD
cv-valid-dev/sample-002875.mp3,you must love the desert but never trust it completely,3,1,,,,5.3,YOU MUST LOVE THE DESERT BUT NEVER TRUST IT ONTITI
cv-valid-dev/sample-002876.mp3,he stood irresolute for a moment and then scrambled out of the pit,2,1,fourties,female,england,6.4,HE STOOD IRRESOLUTE FOR A MOMENT AND THEN SCRAMBLED OUT OF THE PIT
cv-valid-dev/sample-002877.mp3,only when he himself reveals it,1,0,,,,5.6,ONLY WHEN HE HIMSELF REVEALS IT
cv-valid-dev/sample-002878.mp3,i have already described the appearance of that colossal bulk which was embedded in the ground,4,0,,,,7.2,I HAVE ALREADY DESCRIBED THE APPEARANCE OF THAT COLOSSAL BOOK WHICH WAS EMBEDDED IN THE GROUND
cv-valid-dev/sample-002879.mp3,but arms cannot be drawn unless they also go into battle,3,0,,,,4.2,BUT ARMS CANNOT BE DRAWN UNLESS THEY ALSO GO INTO BETO
cv-valid-dev/sample-002880.mp3,i heard a faint movement under my feet,3,0,,,,5.1,I HEARD A FAINT MOVEMENT UNDER MY FEET
cv-valid-dev/sample-002881.mp3,now his intuition was that he had been right in coming,1,0,,,,3.9,NOW HIS INTRITION WAS THAT HE HAD BEEN RIGHT IN COMING
cv-valid-dev/sample-002882.mp3,it seemed to him that it fell to earth about one hundred miles east of here,4,2,,,,6.1,IT SEEMED TO HIM THAT IT FELL TO EARTH ABOUT ONE HUNDRED MILES EAST OF THE HIR
cv-valid-dev/sample-002883.mp3,eventually the merchant had to hire two more employees,5,1,,,,3.9,EVENTUALLY THE MERCHANT HAD TO HIRE TUMOR EMPLORISE
cv-valid-dev/sample-002884.mp3,look around some time,1,0,,,,2.8,LOOK AROUND SOMETIME
cv-valid-dev/sample-002885.mp3,the peak of this mountain is over two thousand meters above sea level,2,0,,,,6.4,THE PEAK OF THIS MOUNTAIN IS OVER TWO THOUSAND METERS ABOVE SEA LEVEL
cv-valid-dev/sample-002886.mp3,then he realized that he had been distracted for a few moments looking at the sword,3,0,twenties,female,us,4.5,THEN HE REALIZED THAT HE HAD BEEN DISTRACTED FOR A FEW MOMENTS LOOKING AT THE SWORD
cv-valid-dev/sample-002887.mp3,this is my last chance,2,0,,,,2.4,THIS IS MY LOST CHANCE
cv-valid-dev/sample-002888.mp3,worryingly the radio signal became weaker,1,0,,,,4.1,WORRYINGLY THE REDIAL SIGNAL BECAME WEAKER
cv-valid-dev/sample-002889.mp3,the boy offered his bottle hoping that the old man would leave him alone,1,0,thirties,male,us,4.4,THE BOY OFFERED HIS BOTTLE HOPING THAT THE OLD MAN WOULD LEAVE HIM ALONE
cv-valid-dev/sample-002890.mp3,who is your friend the chief asked,4,0,,,,2.6,WHO IS YOUR FRIEND THE CHIEF ASKED
cv-valid-dev/sample-002891.mp3,the dead soldiers were replaced by others and life went on,1,0,,,,5.6,THEIR DEAD SOLDIERS WERE REPLACED BY OTHERS AND LIFE WENT ON
cv-valid-dev/sample-002892.mp3,now i want to ask you fellows a couple of questions,1,0,,,,4.8,NOW I WANT TO ASK YOU FELLOWS A COUPLE OF QUESTIONS
cv-valid-dev/sample-002893.mp3,give me my book the boy said,1,0,,,,3.3,GIVE ME MY BOOK THE BOY SAID
cv-valid-dev/sample-002894.mp3,if you don't know any alternative search engines just google them,2,0,fourties,male,us,4.0,IF YOU DON'T KNOW ANY ALTERNATIVE SEARCH ENGINES JUST GOUGGLE THEM
cv-valid-dev/sample-002895.mp3,maybe donald was gonna be her best man,1,0,,,,4.2,MAYBE DONALD WAS GOINE TO BE HER BEST MAN
cv-valid-dev/sample-002896.mp3,hundreds must have seen it and taken it for a falling star,1,0,,,,6.2,HUNDREDS MUST HAVE SEEN IT AND TAKEN IT FOR A FALLING STAR
cv-valid-dev/sample-002897.mp3,the sun thought for a minute,1,0,thirties,male,england,4.8,DISON THOUGHT FOR A MINUTE
cv-valid-dev/sample-002898.mp3,he prepared himself a sandwich and drank some hot tea from a crystal glass,1,0,,,,4.6,HE PREPARED HIMSELF A SANDAGH AND DRANK SOME HOT TEA FROM A CRYSTAL GLASS
cv-valid-dev/sample-002899.mp3,the desert takes our men from us and they don't always return she said,3,0,twenties,male,us,6.6,THE DESERT TAKES OUR MEN FROM US AND THEY DON'T ALWAYS RETURN SHE SAID
cv-valid-dev/sample-002900.mp3,the boy was trying to understand the truth of what the old man had said,1,0,twenties,male,us,4.2,THE BOY WAS TRYING TO UNDERSTAND THE TRUTH OF WHAT THE OLD MAN HAD SAID
cv-valid-dev/sample-002901.mp3,this is what was written on the emerald tablet said the alchemist when he had finished,2,0,twenties,male,indian,6.1,THIS IS WHAT WAS WRITTEN ON THE EMERON TABLET SAID THE ALCHEMIST WHEN HE HAD FINISHED
cv-valid-dev/sample-002902.mp3,we could get to the pyramids by tomorrow said the other taking the money,1,0,fourties,female,,5.2,WE COULD GET TO THE PYRAMIDS BY TO MORROW SAID THE OTHER TAKING THE MONEY
cv-valid-dev/sample-002903.mp3,shall i put a little rum in the coffee,1,0,,,,3.7,SHALL I PUT A LITTLE RUM IN THE COFFEE
cv-valid-dev/sample-002904.mp3,they went in to drink the tea which was served in beautiful crystal glasses,2,1,,,,6.2,THEY WENT IN TO DRINK THE TEA WHICH WAS SERVED IN BEAUTIFUL CRYSTAL GLASSES
cv-valid-dev/sample-002905.mp3,this is the first phase of the job he said,3,0,,,,5.0,THIS IS THE FIRST PHASE OF THE JOB HE SAID
cv-valid-dev/sample-002906.mp3,the little group of people from the city dispersed,1,0,fourties,male,us,3.0,THE LITTLE GROUP OF PEOPLE FROM THE CITY DISPERSED
cv-valid-dev/sample-002907.mp3,goodbye said the boy,3,0,,,,5.7,GOOD BYE SAID THE BOY
cv-valid-dev/sample-002908.mp3,the kyoto style coffee does not disappoint,2,0,thirties,female,,3.2,THE CUTO STYLE COFFEE DOES NOT DISAPPOINT
cv-valid-dev/sample-002909.mp3,don't let facebook take up all of your time,1,0,thirties,male,us,3.3,DON'T LET FACEBOOK TAKE UP ALL YOUR TIME
cv-valid-dev/sample-002910.mp3,what was the reason for the increase,2,0,fourties,male,us,3.4,WHAT WAS THE REASON FOR THE INQREASE
cv-valid-dev/sample-002911.mp3,he stood irresolute for a moment and then scrambled out of the pit,2,0,twenties,female,us,4.8,HE STOOD IRRESOLUTE FOR A MOMENT AND THEN SCRAMBLED OUT OF THE PIT
cv-valid-dev/sample-002912.mp3,the crowd on the far left seemed to get bigger and i heard now a faint murmur from it,1,0,,,,7.6,THE CROWD ON THE FAR LEFT SEEMED TO GET BIGGER AND I HEARD NOW A FAINT MURMUR FROM IT
cv-valid-dev/sample-002913.mp3,and here's fifty dollars on account,1,0,eighties,male,australia,2.8,AND HIS FIFTY DOLLARS ON ACCOUNT
cv-valid-dev/sample-002914.mp3,he quickly pulled his hands away,2,0,,,,3.0,HE QUICKLY PULLED HIS HANDS AWAY
cv-valid-dev/sample-002915.mp3,they shouted consolation and promises and went off back to the town again to get help,7,1,,,,4.7,THEY SHOUTED CONSOLATION AND PROMISES AND WENT OFF BACK TO THE TOWN AGAIN TO HELP
cv-valid-dev/sample-002916.mp3,turkey for thanksgiving,1,0,fourties,,australia,2.7,TURKEY FOR THANKSGIVING
cv-valid-dev/sample-002917.mp3,i wish it were as simple as that,1,0,twenties,male,england,3.0,I WISH IT WERE AS SIMPLE AS THAT
cv-valid-dev/sample-002918.mp3,he fondled his bright orange beard,2,0,sixties,male,scotland,3.5,HE FONDLED HIS BRIGHT ORANGE BEARD
cv-valid-dev/sample-002919.mp3,and what do you do in salem he insisted,1,0,,,,3.7,AND WHAT DO YOU DO IN SALEM HE INSISTED
cv-valid-dev/sample-002920.mp3,they looked for the fallen mass but found nothing,6,0,fifties,male,us,9.2,THEY LOOKED FOR THE FALLEN MASS BUT FOUND NOTHING
cv-valid-dev/sample-002921.mp3,that woman is gonna be on that roof,1,0,,,,2.9,THAT WOMAN IS GOINE TO BE ON THAT ROOF
cv-valid-dev/sample-002922.mp3,he put a sign on the door and they went to a small cafe nearby,1,0,twenties,male,us,4.3,SHE PUT A SIGN ON THE DOOR AND THEN WENT TO A SMALL CATHE NEAR BY
cv-valid-dev/sample-002923.mp3,business has really improved he said to the boy after the customer had left,3,0,,,,5.2,BUSINESS HAS REALLY IMPRUDE HE SAID TO THE BOY AFTER THE COSTUME  GOD LEFT
cv-valid-dev/sample-002924.mp3,my review of the sun one star,4,0,twenties,male,us,3.5,MY REVIEW OF THE SUN ONE STAR
cv-valid-dev/sample-002925.mp3,the boy noticed that the owner of the bar stood nearby listening attentively to their conversation,2,1,,,,6.0,THE BOY NOTICED THAT THE OWNER OF THE BAR STOOD NEAR BY LISTENING ATTENTIVELY TO THEIR CONVERSA
cv-valid-dev/sample-002926.mp3,but he had to move on,31,1,,,,2.6,BUT HE HAD TO MOVE ON
cv-valid-dev/sample-002927.mp3,even then he hardly understood what this meant,7,0,,,,3.7,EVEN THEN HE HARDLY UNDERSTOOD WHAT THIS MEANT
cv-valid-dev/sample-002928.mp3,watch out for his venom the boy said,1,0,,,,4.9,WAT OUT FOR HIS VENOM THE BOY SAID
cv-valid-dev/sample-002929.mp3,a large piece suddenly came off and fell with a loud and sharp noise,4,0,,,,6.3,A LARGE PIECE SUDDENLY CAME OFF AND FELL WITH A LOUD AND SHARP NOISE
cv-valid-dev/sample-002930.mp3,there's no danger the boy said when they had moved on past the encampment,2,0,,,,5.4,THERE IS NO DANGER THE BOY SAID WHEN THEY HAD MOVED ON PAST THE ENCAMPMENT
cv-valid-dev/sample-002931.mp3,i was disappointed at this inanimate bulk,3,0,,,,4.1,I WAS DISAPPOINTED AT THIS VENAMIMOUS BULK
cv-valid-dev/sample-002932.mp3,it's not what enters men's mouths that's evil said the alchemist,3,0,,,,5.7,IT'S NOT WHAT ENTERS MAN'S MOUTH THAT'S EVIL SAID THE ALCHEMIST
cv-valid-dev/sample-002933.mp3,the boy began to dig into the dune,1,0,twenties,male,us,3.7,THE BOY BEGAN TO DIG INTO THE DOON
cv-valid-dev/sample-002934.mp3,we speak of them only to children,3,0,fifties,female,us,2.2,WE SPEAK OF THEM ONLY TO CHILDREN
cv-valid-dev/sample-002935.mp3,the boy could certainly resist causing that kind of anxiety for the baker,3,0,,,,6.5,THE BOY COULD CERTAINLY RESIST CAUSING THAT KIND OF ANXIETY FOR THE VAKER
cv-valid-dev/sample-002936.mp3,i'm leaving town tonight,1,0,,,,3.0,I'M LEAVING TOWN TO NIGHT
cv-valid-dev/sample-002937.mp3,that's not my money,2,1,,,,9.3,THAT'S NOF MY MONEY
cv-valid-dev/sample-002938.mp3,they were looking only for gold his companion answered,2,0,,,,4.6,THEY WERE LOOKING ONLY FOR GOLD HIS COMPANION ANSWERED
cv-valid-dev/sample-002939.mp3,what am i doing,1,0,,,,4.6,WHAT AM I DOING
cv-valid-dev/sample-002940.mp3,at most they thought that another meteorite had descended,3,0,,,,4.7,AT MOST THEY THOUGHT THAT ANOTHER METEORITE HAD DESCENDED
cv-valid-dev/sample-002941.mp3,thank you said the boy,4,0,,,,3.2,THANK YOU SAID THE BOY
cv-valid-dev/sample-002942.mp3,for at that time it had not occurred to him that it might be hollow,13,1,thirties,male,england,5.7,FOR AT THE TIME IT HAD NOT OCCURRED TO HIM THAT IT MIGHT BE HOLLOW
cv-valid-dev/sample-002943.mp3,i need you to be spontaneous he asked me out to din din,7,0,,,,14.8,I NEED YOU TO BE SPONTANEOUS HE ASKED ME OUT TO DENDIN
cv-valid-dev/sample-002944.mp3,finally a young woman approached who was not dressed in black,1,0,eighties,male,england,8.0,FINALLY A YOUNG WOMAN APPROACHED WHO WAS NOT DRESSED IN BLACK
cv-valid-dev/sample-002945.mp3,he's followed every game and his mouth's watering,1,0,twenties,female,indian,5.3,HE FOLLOWED EVERY GAME AND HIS MOUTH'S WATERING
cv-valid-dev/sample-002946.mp3,starting with his own,1,0,twenties,male,us,2.3,STARTING WITH HIS OWN
cv-valid-dev/sample-002947.mp3,that sobered him a little,2,1,twenties,male,us,1.5,THAT SOBERED HIM A LITTLE
cv-valid-dev/sample-002948.mp3,the boy stepped closer to the girl and when she smiled he did the same,2,0,,,,6.6,THE BOY STEPPED CLOSER TO THE GIRL AND WHEN SHE SMILED HE DID THE SAME
cv-valid-dev/sample-002949.mp3,i'm going to guide you across the desert the alchemist said,3,0,,,,4.4,I'M GOING TO GUIDE YOU ACROSS THE DESERT THE OLCHYMIST SAID
cv-valid-dev/sample-002950.mp3,all the words you've got,2,0,,,,2.3,ALL THE WORDS YOU'VE GOT
cv-valid-dev/sample-002951.mp3,he disappeared into the tent,1,0,sixties,female,england,2.5,HE DISAPPEARED INTO THE TENT
cv-valid-dev/sample-002952.mp3,no doubt the impact had caused a flash of fire,2,0,,,,5.6,NO DOUBT THE IMPACT HAD CAUSED A FLASH OF FIRE
cv-valid-dev/sample-002953.mp3,he could see that the old man wanted to know more about his life,3,0,,,,5.7,HE COULD SEE THAT THE OLD MAN WANTED TO KNOW MORE ABOUT HIS LIFE
cv-valid-dev/sample-002954.mp3,they're forming clubs,1,0,,,,3.0,THEY ARE FORMING CLUBS
cv-valid-dev/sample-002955.mp3,he sat on a stone and allowed himself to become hypnotized by the horizon,2,0,thirties,male,us,4.7,HE SAT ON A STONE AND ALLOWED HIMSELF TO BECOME HYPNOTIZED BY THE HORIZON
cv-valid-dev/sample-002956.mp3,i heard what you were talking about the other day with the alchemist the wind said,1,0,thirties,male,,5.4,I HEARD WHAT YOU WERE TALKINGG ABOUT THE OTHER DAY WITH THE OTTAMA THE WIND SAID
cv-valid-dev/sample-002957.mp3,they begin creeping up on you trying to sell you something,2,0,twenties,male,england,3.3,THEY BEGIN CREEPING UP ON YOU TRYING TO SELL YOU SOMETHING
cv-valid-dev/sample-002958.mp3,but i found it difficult to get to work because of the investigations,3,0,sixties,male,us,5.2,BUT I FOUND IT DIFFICULT TO GET TO WORK BECAUSE OF THE INVESTIGATIONS
cv-valid-dev/sample-002959.mp3,there is a universal language understood by everybody but already forgotten,3,0,,,,6.5,THERE IS A UNIVERSAL LANGUAGE UNDERSTOOD BY EVERYBODY BUT ALREADY FORGOTTEN
cv-valid-dev/sample-002960.mp3,we miss you and miss having a friend like you and i am so happy that you two got to catch up,3,0,fifties,male,us,7.9,WE MISS YOU AND MISS HAVING A FRIEND LIKE YOU AND I AM SO HAPPY THAT YOU TOO CUT TO CATCH UP
cv-valid-dev/sample-002961.mp3,what is love the desert asked,3,0,twenties,male,us,3.2,WHAT IS LOVE THE DESERT ASKED
cv-valid-dev/sample-002962.mp3,how come you speak spanish he asked,1,0,,,,4.2,HOW COME YOU SPHIX VANY SHE ASKED
cv-valid-dev/sample-002963.mp3,had our instruments permitted it we might have been able to see the trouble way back when,2,0,,,,8.6,HAD OUR INSTRUMENTS PERMITTED IT WE MIGHT HAVE BEEN ABLE TO SEE THE TROUBLE AWAY BET WIN
cv-valid-dev/sample-002964.mp3,look at those shoulders,1,0,,,,2.5,LOOK AT THOSE SHOULDERS
cv-valid-dev/sample-002965.mp3,the merchant turned to a customer who wanted three crystal glasses,3,0,teens,male,african,4.3,THE MERCHANT TURNED TO A CUSTOMER WHO WANTED THREE CRYSTAL DRASTES
cv-valid-dev/sample-002966.mp3,dont share your opinions so readily because you never know who is listening,2,1,,,,6.5,DON'T SHARE YOUR OPINIONS SO READILY BECAUSE YOU NEVER KNOW WHO IS LISTENING
cv-valid-dev/sample-002967.mp3,that's the man who knows all the secrets of the world she said,2,0,,,,3.7,AT THE MAN WHO KNOWS ALL THE SECRET OF THE WORLD SHE SAID
cv-valid-dev/sample-002968.mp3,stand by to contact amanda,1,0,,,,2.2,STAND BY TO CONTACT AMANDA
cv-valid-dev/sample-002969.mp3,that woman stole my purse,1,0,,,,2.8,FAT WOMAN STOLE MY PURSE
cv-valid-dev/sample-002970.mp3,he put his headcloth in place and secured it with a ring made of camel skin,55,1,,,,6.5,HE PUT HIS HEAD CLOTH IN PLACE AND SECURED IT WITH A RING MADE OF CAMO'S SKIN
cv-valid-dev/sample-002971.mp3,the plastic barrier shattered,1,0,fourties,male,england,3.0,THE PLASTIC BARRIER SHATTERED
cv-valid-dev/sample-002972.mp3,your appointment has been changed,1,0,twenties,male,,2.1,HER UP WINDON HAS BEEN CHANGED
cv-valid-dev/sample-002973.mp3,many people in berkshire surrey and middlesex must have seen it,2,0,,,,4.6,MANY PEOPLE IN BERKSHIRE ISER RAY AND MIDDLESEX MUST HAVE SEEN IT
cv-valid-dev/sample-002974.mp3,your luck's not with you now,1,0,twenties,female,us,2.9,YOU'RE LUCK'S NOT WITH YOU NOW
cv-valid-dev/sample-002975.mp3,they didn't have the printing press in those days the boy argued,1,0,,,,4.7,THEY DIDN'T HAVE THE PRINTING PRESS IN THOSE DAYS THE BOY URGED
cv-valid-dev/sample-002976.mp3,are you sure there's no mistake,1,0,,,,4.1,ARE YOU SURE THERE'S NO MISTAKE
cv-valid-dev/sample-002977.mp3,they were given to me as a present by a king the boy said,4,0,,,,3.8,THEY WERE GIVEN TO ME AS A PRESENT BY A KING THE BOY SAID
cv-valid-dev/sample-002978.mp3,scattered groups of people were hurrying from the direction of woking,2,0,,,,5.3,SCATTERED GROUPS OF PEOPLE REHURRYING FROM THE DIRECTION OF ROKING
cv-valid-dev/sample-002979.mp3,it was the most delicious wine he had ever tasted,1,0,fourties,female,canada,3.3,IT WAS THE MOST DELICIOUS WINE HE HAD EVER TASTED
cv-valid-dev/sample-002980.mp3,i shall make us some ice cubes,2,0,fifties,female,us,3.4,I SHALL MAKE OF SOME ICE CUBES
cv-valid-dev/sample-002981.mp3,berlin can be so lovely this time of year,2,0,,,,6.5,BELYN CAN BE SO LOVELY THIS TIME OF YEAR
cv-valid-dev/sample-002982.mp3,you just don't know all that you've done,1,0,,,,3.0,YOU JUST DON'T KNOW ALL THAT YOU'VE DONE
cv-valid-dev/sample-002983.mp3,the soul of the world is nourished by people's happiness,2,0,,,,3.3,THE SOUL OF THE WORLD IS NOURISHED BY PEOPLE'S HAPPINESS
cv-valid-dev/sample-002984.mp3,your heart is alive,5,0,,,,2.5,YOUR HEART IS ALIVE
cv-valid-dev/sample-002985.mp3,the proportions were all wrong,2,0,,,,2.4,THEIR PROPORTIONS WERE ALL WRONG
cv-valid-dev/sample-002986.mp3,don't give in to your fears said the alchemist in a strangely gentle voice,1,0,,,,4.8,DON'T GIVE IN TO YOUR FEARS SAID THE ALCHEMIST IN A STRANGELY GENTLE VOICE
cv-valid-dev/sample-002987.mp3,but i'm going in search of my treasure the boy said,2,0,,,,3.8,BUT I'M GOING IN SEARCH OF MY TREASURE THE BOY SAID
cv-valid-dev/sample-002988.mp3,it would have been visible to me had i only looked up as it passed,2,0,twenties,female,us,5.2,IT WOULD HAVE BEEN VISIBLE TO ME HAD I ONLY LOOKED UP AS IT PASSED
cv-valid-dev/sample-002989.mp3,the angel touched the man's shoulder and they were both projected far into the future,4,0,,,,5.5,THE ANGEL TOUCHED THA MAN'S SHOULDER AND THEY WERE BOTH PROJECTED FAR INTO THE FUTURE
cv-valid-dev/sample-002990.mp3,give me that call on patrick's wire,2,0,,,,2.7,GIVE ME THAT CALL AN PATRICK'S WIRE
cv-valid-dev/sample-002991.mp3,men dream more about coming home than about leaving the boy said,1,0,fourties,male,us,6.9,MEN DREAM MORE ABOUT COMING HOME THAN ABOUT LEAVING THE BOY SAID
cv-valid-dev/sample-002992.mp3,show me some gratitude,1,0,fifties,female,australia,4.8,CHOME SAM CRERPICUDE
cv-valid-dev/sample-002993.mp3,i read only what the birds wanted to tell me,2,0,thirties,male,england,3.0,I READ ONLY WHAT THE BIRDS WANTED TO TELL ME
cv-valid-dev/sample-002994.mp3,she placed the glass carefully on the edge of the table,2,0,fourties,male,us,4.3,SHE PLACED THE GLASS CAREFULLY ON THE EDGE OF THE TABLE
cv-valid-dev/sample-002995.mp3,his hands were abraded and exhausted but he listened to his heart,3,0,,,,5.0,HIS HANDS WERE ABRAIDED AND EXHAUSTED BUT HE LISTENED TO HIS HEART
cv-valid-dev/sample-002996.mp3,two more months passed and the shelf brought many customers into the crystal shop,3,0,,,,6.1,TWO MORE MONTHS PASSED AND THE SHELF BROUGHT MANY CUSTOMERS INTO THE CRYSTAL SHOP
cv-valid-dev/sample-002997.mp3,when he was a child that man wanted to travel too,3,0,,,,6.6,WHEN HE WAS A CHILD THAT MAN WANTED TO TRAVEL TOO
cv-valid-dev/sample-002998.mp3,you would have to have been born an arab to understand he answered,1,0,,,,5.0,YOU WOULD HAVE TO HAVE BEEN BORN AN ARAB TO UNDERSTAND HE ANSWERED
cv-valid-dev/sample-002999.mp3,from there he could see africa in the distance,1,0,teens,male,england,4.2,FROM THERE HE COULD SEE AFRICA IN THE DISTANCE
cv-valid-dev/sample-003000.mp3,don't be more catholic than the pope,1,0,fifties,female,england,3.2,DON'T BE MORE CATHOLIC THAN THE POPE
cv-valid-dev/sample-003001.mp3,i came to tell you just one thing the boy said,1,0,sixties,male,newzealand,4.2,I CAME TO TELL YOU JUST ONE THING THE BOY SAID
cv-valid-dev/sample-003002.mp3,where did everything go,3,0,teens,male,us,1.9,WHERE DID EVERYTHING GO
cv-valid-dev/sample-003003.mp3,those gypsies are really smart he thought,3,0,,,,3.7,THOSE GIPSIES ARE REALLY SMART HE FOUGHT
cv-valid-dev/sample-003004.mp3,where are you from the boy asked,3,0,twenties,male,us,3.2,WHERE ARE YOU FROM THE BOY ASKED
cv-valid-dev/sample-003005.mp3,the alchemist probably already knew all that,1,0,sixties,male,england,4.3,THE ALCHYMIST PROBABLY ALREADY NEWELLED THAT
cv-valid-dev/sample-003006.mp3,some storms are worth the wreckage,1,0,,,,4.4,SOME STORMS ARE WORTH A WRECKAGE
cv-valid-dev/sample-003007.mp3,it looked like a rusty gas float,3,0,fifties,female,scotland,3.3,IT LOOKED LIKE A RUSTIC AS FLUT
cv-valid-dev/sample-003008.mp3,going up to see erin,1,0,fifties,male,us,2.5,GOING UP TO SIEREN
cv-valid-dev/sample-003009.mp3,you're probably weak from hunger,1,0,,female,england,3.3,YOU ARE PROBABLY WEAK FROM HUNGER
cv-valid-dev/sample-003010.mp3,something inside the cylinder was unscrewing the top,4,1,,,,4.5,SOMETHING INSIDE THE CYLINDER WAS UNSCREWING THE TOP
cv-valid-dev/sample-003011.mp3,most of them were staring quietly at the big table,2,0,,,,4.6,MOST OF THEM WERE STARING QUIETLY AT THE BIG TABLE
cv-valid-dev/sample-003012.mp3,the taylor jean movement isn't dead yet,2,0,,,,4.1,THE TALE OF JAN MOVEMENT ISN'T THERE YET
cv-valid-dev/sample-003013.mp3,aren't you allowed to kiss back,3,0,twenties,male,us,2.5,AREN'T YOU ALLOWED TO KISS BACK
cv-valid-dev/sample-003014.mp3,all i saw was an army said the boy,2,0,,,,5.0,ON I SAW WATRAN ARMY SAID THE BOY
cv-valid-dev/sample-003015.mp3,it left a greenish streak that glowed for some seconds,3,0,,,,5.2,IT LEFT A GREENISH STREAK THAT GLOWED FOR SOME SECONDS
cv-valid-dev/sample-003016.mp3,my password has been changed without permission,1,0,,,,3.5,MY PASSWORD HAS BEEN CHANGED WITHOUT PERMISSION
cv-valid-dev/sample-003017.mp3,there were really i think two or three hundred people elbowing one another,2,1,,,,5.4,THERE WERE REALLY I THINK TWO OR THREE HUNDRED PEOPLE ELBOWING ONE ANOTHER
cv-valid-dev/sample-003018.mp3,and your camels will bring you wealth and power,2,0,,,,3.4,AND YOUR CAMELS WILL BRING YOU WEALTH AND POWER
cv-valid-dev/sample-003019.mp3,it was however still so hot from its flight through the air,2,1,twenties,male,us,5.9,IT WAS HOWEVER STILL SO HOT FROM ITS FLIGHT THROUGH THE AIL
cv-valid-dev/sample-003020.mp3,you know what we're going to do,1,0,,,,3.5,YOU KNOW WHAT THEY ARE GOING TO DO
cv-valid-dev/sample-003021.mp3,i don't care if you've been after it for six years,1,0,,,,3.1,I DON'T CARE IF SHE'VE BEEN AFTER IT FOR SIX YEARS
cv-valid-dev/sample-003022.mp3,what do i do in salem the old man laughed,1,0,,,,6.2,WHAT DO I DO IN SALEM THE OLD MAN LAUGHED
cv-valid-dev/sample-003023.mp3,the boy was getting irritated,2,0,teens,male,england,2.8,THE BOY WAS GETTING IRRITATED
cv-valid-dev/sample-003024.mp3,in spite of this i still believed that there were men in mars,2,1,,,,5.7,IN SPITE OF ZHIS I STILL BELIEVED THAT THERE WERE A MAN IN MALS
cv-valid-dev/sample-003025.mp3,the thing itself was almost entirely buried in sand,1,0,,,,3.7,THE THING ITSELF WAS ALMOST ENTIRELY BURIED IN SAND
cv-valid-dev/sample-003026.mp3,replace the ts in tim tebow's name with any other consonant to get a star wars character,4,0,thirties,male,australia,4.7,REPLACE THE TEAS IN TIM TEBER'S NAME WITH ANY OTHER CONSUMMENT GIV STALWOR'S CHARACTER
cv-valid-dev/sample-003027.mp3,so what do you want of me the sun asked,2,1,,,,4.1,SO WHAT DO YO WANT OF ME DESON AS
cv-valid-dev/sample-003028.mp3,you'll watch them as they grow demonstrating how the world is always changing,1,0,thirties,male,,5.8,THE WATCHMEN I MESS THEY GROW DEMONSTRATING HOW THE WORLD IS ALWAYS CHANGING
cv-valid-dev/sample-003029.mp3,i have already described the appearance of that colossal bulk which was embedded in the ground,6,0,thirties,female,us,6.4,I HAVE ALREADY DESCRIBED THE APPEARANCE OF THAT COLOSSAL BULK WHICH WAS EMBEDDED IN THE GROUND
cv-valid-dev/sample-003030.mp3,why shouldn't i make father my beneficiary,1,0,sixties,male,england,3.4,WHY SHOULDN'T I MAKE FATHER MY BENEFICIARY
cv-valid-dev/sample-003031.mp3,i can see april coming,1,0,fifties,male,australia,2.1,I CAN SEE APRIL COMING
cv-valid-dev/sample-003032.mp3,where are you bound asked the young arab,1,0,,,,2.9,WHERE ARE YOU BOUND ASKED THE YOUNG ARAB
cv-valid-dev/sample-003033.mp3,at most they thought that another meteorite had descended,3,0,sixties,female,us,6.0,AT MOST THEY THOUGHT THAT ANOTHER METEORITE HAD DESCENDED
cv-valid-dev/sample-003034.mp3,your face is really beautiful,2,0,fifties,male,england,4.0,YOUR FACE IS REALLY BEAUTIFUL
cv-valid-dev/sample-003035.mp3,and he vanished around the corner of the plaza,2,0,,,,2.7,AND HE VANISHED AROUND THE CORNER OF THE PASA
cv-valid-dev/sample-003036.mp3,there's the city hall tower i'm supposed to visit,1,0,eighties,male,australia,3.3,THERE'S THE CITY HALL CARAM SUPPOSED TO VISIT
cv-valid-dev/sample-003037.mp3,sometime during the second year you'll remember about the treasure,1,0,,,,5.2,SOMETIME DURING A SECOND YEAR YOU'LL REMEMBER ABOUT THE TREASURE
cv-valid-dev/sample-003038.mp3,the following night the boy appeared at the alchemist's tent with a horse,1,0,,,,5.2,THE FOLLOWING NIGHT THE BOY APPEARED A ALGIS AND VIGERHORS
cv-valid-dev/sample-003039.mp3,how did it start,1,0,teens,male,england,1.7,HOW DID IT STOT
cv-valid-dev/sample-003040.mp3,but they don't count,1,0,,,,4.7,BUT THEY DON'T COUNT
cv-valid-dev/sample-003041.mp3,we lit the lantern and walked over to his house,3,0,,,,3.6,WE LIT THE LANTERN AND WALKED OVER TO HIS HOUSE
cv-valid-dev/sample-003042.mp3,you'll weaken when you see that little jezebel,1,0,twenties,male,us,3.1,YOU WEAK WHEN YOU SEE THAT LITTLE JESIBEAU
cv-valid-dev/sample-003043.mp3,i dare her to move that desk out of here,1,0,,,,3.2,I DARE HEAR TO MOVE THAT DESK OUT UF HERE
cv-valid-dev/sample-003044.mp3,but i didnt think that it contained any living creature,2,0,,,,2.6,BUT I DIDN'T THINK THAT IT CONTAINED ANY LIVING CREATURE
cv-valid-dev/sample-003045.mp3,and the girl pointed to the south indicating that it was there the strange man lived,2,0,,,,6.8,AND THE GIRL POINTED TO THE SOUTH INDICATING THAT IT WAS THERE THE STRANGE HAND LIVED
cv-valid-dev/sample-003046.mp3,the book that most interested the boy told the stories of the famous alchemists,3,0,thirties,male,,5.3,THE BOOK THAT MOST INTERESTED THE BOY TOLD THE STORIES OF THE FAMOUS ALCHIMISTS
cv-valid-dev/sample-003047.mp3,if i could i'd write a huge encyclopedia just about the words luck and coincidence,4,2,,,,22.9,IF I COUD I'D WRITE A HUGE ENCYCLOPEDIA JUST ABOUT THE WORDS LUCK AND COINCIDENCE ABSOLUTELY DESFIGABLE THAT JIGA RED MEN OF FALLHOOEDIN HOUSES MADE OF THEIR OWN FLESH
cv-valid-dev/sample-003048.mp3,i'm going to them,4,0,,,,3.0,I AM GOING TO THEM
cv-valid-dev/sample-003049.mp3,if a person is living out his destiny he knows everything he needs to know,1,0,fifties,female,,5.3,IF A PERSON IS LIVING OUT HIS DESTINY HE KNOWS EVERYTHING HE NEEDS TO KNOW
cv-valid-dev/sample-003050.mp3,and you've told me nothing along the way said the boy,3,0,,,,3.8,AND YOU'VE TOLD ME NOTHING ALONG THE WAY SAID THE BOY
cv-valid-dev/sample-003051.mp3,i myself heard nothing of that,2,1,,,,2.4,I MYSELF HEAR OF NOTHING OF THAT
cv-valid-dev/sample-003052.mp3,it was no more exciting than an overturned carriage or a tree blown across the road,1,0,,,,6.4,IT WAS NO MORE EXCITING THAN AN OVERTURNED CARRIAGE OR A TREE BLOWN ACROSS THE ROAD
cv-valid-dev/sample-003053.mp3,i used to live near el cairum he said,2,0,,,,5.4,I USED TO LIVE NEAR EL CIRUM HE SAID
cv-valid-dev/sample-003054.mp3,he put his headcloth in place and secured it with a ring made of camel skin,1,0,thirties,male,newzealand,4.9,HE PUT HIS HEADCLOTH IN PLACE AND SECURED IT WITH A RING MADE OF CAMELSKIN
cv-valid-dev/sample-003055.mp3,heads popping back behind doors,1,0,thirties,male,us,2.5,HEDS POPPING DECK BEHIND DOOR
cv-valid-dev/sample-003056.mp3,it's called the principle of favorability,2,0,,,,3.7,IS CALLED THE PRINCIPLE OF FAVORABILITY
cv-valid-dev/sample-003057.mp3,he hoped that it would be someone as capable as his previous apprentice,1,0,,,,4.0,HE HOPED THAT IT WOULD BE SOMEONE AS CAPABLE AS HIS PREVIOUS APPRENTICE
cv-valid-dev/sample-003058.mp3,and don't forget the language of omens,1,0,twenties,female,us,3.7,AND DON'T FORGET THE LANGUAGE OF OMENS
cv-valid-dev/sample-003059.mp3,can i get a woot woot,3,0,,,,3.9,CAN I GET A WHAT WHAT
cv-valid-dev/sample-003060.mp3,as soon as he saw me among the crowd he called to me to come down,1,0,thirties,male,england,5.1,AS SOON AS HE SAW ME AMONG THE CROWD HE CALLED ME TO COME DOWN
cv-valid-dev/sample-003061.mp3,every day was there to be lived or to mark one's departure from this world,1,0,teens,male,malaysia,5.9,EVERY DAY WAS THERE TO BELIEVE OR TO MARK ONE'S DEPARTURE FROM THIS WAR
cv-valid-dev/sample-003062.mp3,the boy didn't want to talk about the pyramids,3,0,fourties,male,us,2.6,THE BOY DIDN'T WANT TO TALK ABOUT THE PYRAMIDS
cv-valid-dev/sample-003063.mp3,the boy began to dig into the dune,3,0,fifties,female,australia,3.7,THE BOY BEGAN TO DIG INTO THE DUNE
cv-valid-dev/sample-003064.mp3,the boy promised himself that when he returned from egypt he would buy that sword,2,0,twenties,male,indian,5.9,THE BOY PROMISED HIMSELF THAT WHEN HE RITTERNE FROM EGYPT HE WOULD BUY THAT SWORD
cv-valid-dev/sample-003065.mp3,the stranger withdrew the sword from the boy's forehead and the boy felt immensely relieved,2,1,,,,6.7,THE STRANGER WITHDREW THE SWORD FROM THE BOY'S FOREHEAD AND THE BOY FELT INTENSELY RELIEVED
cv-valid-dev/sample-003066.mp3,he couldn't have been wrong,2,0,fourties,male,us,1.7,HE COULDN'T HAVE BEEN WRONG
cv-valid-dev/sample-003067.mp3,no wonder you jumped in the river,2,0,,,,3.8,NO WONDER YOU JUMPED IN THE RIVER
cv-valid-dev/sample-003068.mp3,he couldn't have been wrong,3,0,teens,female,england,2.4,HE COULDN'T HAVE BEEN WRONG
cv-valid-dev/sample-003069.mp3,the englishman vanished too gone to find the alchemist,1,0,fifties,male,scotland,4.5,THE ENGLISHMAN VANISHED TOO GONE TO FAIND THE ALCHEMIST
cv-valid-dev/sample-003070.mp3,the shop folks were taking down their shutters and people were opening their bedroom windows,3,0,,,,5.7,THE SHOP FOLKS WERE TAKING DOWN THEIR SHUTTERS AND PEOPLE WERE OPENING THEIR BEDROOM WINDOWS
cv-valid-dev/sample-003071.mp3,as i watched the planet seemed to grow larger and smaller,4,0,,,,4.8,AS I WATCHED THE PLANET SEEMED TO GROW LARGER AND SMALLER
cv-valid-dev/sample-003072.mp3,when you are in love things make even more sense he thought,1,0,,,,4.8,WHEN YOU ARE IN LAW THINGS MAKE EVEN MAR SENDS HE THOUGHT
cv-valid-dev/sample-003073.mp3,there was no response from the elders,2,0,fourties,male,us,3.1,THERE WAS NO RESPONSE FROM THE ELDERS
cv-valid-dev/sample-003074.mp3,not unless we're blind,1,0,,,,2.6,NOT UNLESS WE'RE BLIND
cv-valid-dev/sample-003075.mp3,this is for you,2,0,,,,5.9,THIS IS FOR YOU
cv-valid-dev/sample-003076.mp3,so when i look out over your sands i am also looking at her,2,1,,,,5.0,SO WHEN I LOOK OUT OVER YOUR SANDS I'M ALSO LOOKING AT HER
cv-valid-dev/sample-003077.mp3,he seemed unfriendly and had looked irritated when the boy had entered,3,0,,,,4.8,HE SEEMED UNFRIENDLY AND HAD LOOKED IRRITATED WHEN THE BOY HAD ENTERED
cv-valid-dev/sample-003078.mp3,there are rumors of tribal wars he told them,3,0,,,,2.9,THERE ARE RUMOURS OF TRIVAL WARS HE TOLD THEM
cv-valid-dev/sample-003079.mp3,he moved about invisible but everyone could hear him,2,0,,,,5.3,HE MOVED ABOUT INVISIBLE BUT EVERY ONE COULD HEAR HIM
cv-valid-dev/sample-003080.mp3,before guns were invented armies had to throw bullets at each other and if a bullet touched you you had to sit out until the next war,3,0,,,,11.8,BEFORE GAS WERE INVENTED OURMILS HAD TO THROW BULLETS AT EACH OTHER AND IF A BULLET TOUCHED YOU YOU HAD TO FIT OUT UNTIL THE NEXT WARD
cv-valid-dev/sample-003081.mp3,many telescopes were pointed at it,7,2,,,,3.0,MANY TELESCOPES WERE APPOINTED AT IT
cv-valid-dev/sample-003082.mp3,let's stop this another commander said,3,0,sixties,female,england,3.7,LETS STOP THIS ANOTHER COMMANDER SAID
cv-valid-dev/sample-003083.mp3,the horse reared again raising a cloud of dust,1,0,,,,5.3,THE HORSE REERED AGAIN RISING A CLOUD OF DUST
cv-valid-dev/sample-003084.mp3,they're not my sheep anymore he said to himself without nostalgia,3,0,,,,5.2,THEY'RE NOT MY SHAPE ANY MORE HE SAID TO HIMSELF WITHOUT ASTALGA
cv-valid-dev/sample-003085.mp3,it's like the camel driver said 'eat when it's time to eat,1,0,,,,4.8,IT'S LIKE THE CAMMER DRIPVER SAID EAT WINTS TIME TO HEAT
cv-valid-dev/sample-003086.mp3,at once he connected the two incidents,4,0,fourties,female,england,3.4,AT ONCE HE CONNECTED THE TWO INCIDENTS
cv-valid-dev/sample-003087.mp3,maybe we can wait a little bit before changing the titles and the text everywhere else,2,0,fifties,female,indian,6.6,MAYBE WE CAN WATON IT A WIT EFOTATING THE TITLES AND THE TEXT EVERYWHEREIL
cv-valid-dev/sample-003088.mp3,the two were taken to a nearby military camp,4,0,,,,4.8,THE TWO WERE TAKEN TO A NEAR BY MILL CHERRY CAMP
cv-valid-dev/sample-003089.mp3,how about that one there,2,0,,,,2.8,HOW ABOUT THAT ONE THERE
cv-valid-dev/sample-003090.mp3,take these capsules over to mrs david's house,3,0,twenties,male,,2.7,TAKE THESE KEPSUDES OVER TO MISSUS DAVID'S HOUSE
cv-valid-dev/sample-003091.mp3,if we serve tea in crystal the shop is going to expand,3,0,,,,5.6,IF WE SERVED T IN CRYSTAL THE SHOP IS GOING TO EXPEND
cv-valid-dev/sample-003092.mp3,and he hadn't perceived them because he had become accustomed to them,1,0,,,,7.8,AND HE HADN'T PERCEIVED THEM BECAUSE HE HAD BECOME ACCUSTOMED TO THEM
cv-valid-dev/sample-003093.mp3,a large piece suddenly came off and fell with a loud and sharp noise,4,1,,,,5.2,A LOTCH PIECE SUDDENLY CAME OF AND FAILED WITH A LOUT AND SHARP VOICE
cv-valid-dev/sample-003094.mp3,i don't want any part of this thing,2,0,,,,4.4,I DON'T WANT ANY PART OF THIS THING
cv-valid-dev/sample-003095.mp3,i'm going to them,3,0,,,,1.6,I'M GOING TO THEM
cv-valid-dev/sample-003096.mp3,their horses cried out and all their weapons were filled with sand,3,0,,,,6.6,THEIR HORSES CRIED OUT AND ALL THEIR WEAPONS WERE FILLED WITH SAND
cv-valid-dev/sample-003097.mp3,i haven't any watch,1,0,fourties,male,england,3.7,I HAVEN'T ANY WATCH
cv-valid-dev/sample-003098.mp3,to nourish the falcon,3,0,,,,3.3,TO NOURICHE DE FALCON
cv-valid-dev/sample-003099.mp3,all who went there were happy at having done so,3,0,,,,5.9,ALL WHO WENT THERE WERE HAPPY AT HAVING DONE SO
cv-valid-dev/sample-003100.mp3,i read only what the birds wanted to tell me,2,0,,,,3.6,I READ ONLY WHAT THE BIRDS WANT TO TELL ME
cv-valid-dev/sample-003101.mp3,the boy noticed that the owner of the bar stood nearby listening attentively to their conversation,2,0,fifties,female,,6.6,THE BOY NOTICED THAT THE OWNER OF THE BAR STOOD NEAR BY LISTENING ATTENTIVELY TO THEIR CONVERSATION
cv-valid-dev/sample-003102.mp3,you don't have to go with me,1,0,teens,female,canada,2.1,YOU DON'T HAVE TO GO WITH ME
cv-valid-dev/sample-003103.mp3,i am definitely open to the idea because ive always wanted to work as a small business owner,2,0,fourties,female,us,5.8,I AM DEFTLY OPEN TO THE IDEA BECAUSE I ALWAYS WANTED TO WORK AS A SMALL BUSINESS OWNER
cv-valid-dev/sample-003104.mp3,my keychain is heavy and awkward to carry in my pocket,2,0,sixties,female,us,6.4,MY KEACHING IS HEAVY AND AWKWARD TO CARRY IN MY POCKET
cv-valid-dev/sample-003105.mp3,at his side was the young arab the boy had spoken with earlier,3,1,twenties,male,,5.3,AT HIS SIDE WAS A YOUNG HARABSY BOY HAD SPOKEN WITH HERLIER
cv-valid-dev/sample-003106.mp3,and the sand and gravel had been flung violently in every direction,3,0,twenties,male,england,6.1,AND THE SAND AND GRAVEL HAD BEEN FLUNG VIOLENTLY IN EVERY DIRECTION
cv-valid-dev/sample-003107.mp3,the wind began to blow again,1,0,twenties,male,us,2.6,THE WIND BEGAN TO BLOW AGAIN
cv-valid-dev/sample-003108.mp3,but the boy never took his eye off his new friend,3,0,twenties,male,england,4.7,BUT THE BOY NEVER TOOK HIS EYE OFF HIS NEW FRIEND
cv-valid-dev/sample-003109.mp3,i'm not going very far the alchemist answered looking straight into the eyes of the horsemen,2,0,,,,5.9,I'M NOT GOING VERY FAR THE ALPEMISTS ANSWERED LOOKING STRAIGHT INTO THE EYES OF THE HORSEMAN
cv-valid-dev/sample-003110.mp3,let me tell you what will happen,2,1,,,,2.6,LET ME TELL YOU WHAT WILL HAPPEN
cv-valid-dev/sample-003111.mp3,the old man was probably a gypsy too,1,0,sixties,male,england,3.5,THE OLD MAN WAS PROBABLY A GYPSY TOO
cv-valid-dev/sample-003112.mp3,watch out for his venom the boy said,2,0,twenties,male,england,3.1,WATCH OUT FOR HIS VENOM THE BOY SAID
cv-valid-dev/sample-003113.mp3,do you care if i sit down out here,3,0,,,,3.0,DO YOU CARE IF I SEE DOWN OUT HERE
cv-valid-dev/sample-003114.mp3,we were all made by the same hand and we have the same soul,3,0,,,,4.7,WE WERE ALL MADE BY THE SAME HAND AND WE HAVE THE SAME SOUL
cv-valid-dev/sample-003115.mp3,the two were taken to a nearby military camp,3,0,,,,4.8,THE TWO WERE TAKEN TO A NEAR BY MILITARY CAMP
cv-valid-dev/sample-003116.mp3,can't they see it's a frame up,2,0,,,,2.9,CAN'T THEY SEE IT'S A FRAME UP
cv-valid-dev/sample-003117.mp3,the boy took out urim and thummim from his bag,1,0,fourties,female,england,5.9,THE BOY TOOK OUT URIM AND THUMBHIM FROM HIS BACK
cv-valid-dev/sample-003118.mp3,the whole police force standing on it's ear,1,0,,,,4.7,AH THE WHOLE POLICE FORCE STANDING ON ITS EAR
cv-valid-dev/sample-003119.mp3,must have been that jump in the cold water,1,0,fifties,male,us,3.5,MUST HAVE BEEN THAT JUMP IN THE COLD WATER
cv-valid-dev/sample-003120.mp3,they're just a pile of stones,1,0,twenties,male,indian,4.3,THERE DOST O ILOF STONS
cv-valid-dev/sample-003121.mp3,wait till those two future jailbirds read the morning post tomorrow,1,0,twenties,male,us,6.1,WAIT TILL THOSE TWO FUTURE JAILBERIES READ THE MORNING POST TO MORROW
cv-valid-dev/sample-003122.mp3,he's home cooking dinner,1,0,,,,1.8,HE'S HOME COOKING DINNER
cv-valid-dev/sample-003123.mp3,i have to find a man who knows that universal language,1,0,,,,3.7,I HAVE TO FIND A MAN WHO KNOWS THAT UNIVERSAL LANGUAGE
cv-valid-dev/sample-003124.mp3,dense clouds of smoke or dust can be seen through a powerful telescope,3,0,,,,5.2,DENSE CLOUDS OF SMOKE OR DUST CAN BE SEEN THROUGH A POWERFUL TELESCOPE
cv-valid-dev/sample-003125.mp3,i thought the unscrewing might be automatic,3,0,twenties,male,england,3.9,I THOUGHT THE ENSCRURING MIGHT BE AUTOMATIC
cv-valid-dev/sample-003126.mp3,he put it in his back pocket,1,0,,,,3.5,HE PUT IT IN HIS BACK POCKET
cv-valid-dev/sample-003127.mp3,in general people have difficulties estimating risks correctly,1,0,thirties,male,england,4.6,IN GENERAL PEOPLE HAVE DIFFICULTIES ESTIMATING RISKS CORRECTLY
cv-valid-dev/sample-003128.mp3,night fell and an assortment of fighting men and merchants entered and exited the tent,3,0,fourties,male,us,6.5,NIGHT FELL AND AN ASSORTMENT OF FIGHTING MEN AND MERCHANTS ENTERED AND EXITED THE TENT
cv-valid-dev/sample-003129.mp3,he was alarmed by what had happened,2,0,,,,2.5,HE WAS ALARMED BY WHAT HAD HAPPENED
cv-valid-dev/sample-003130.mp3,you've got about two minutes,1,0,,,,5.4,YOU'VE GOT ABOUT TWO MINUTES
cv-valid-dev/sample-003131.mp3,i heard a faint movement under my feet,4,0,fourties,male,african,3.3,I HEARD A FAINT MOVEMENT UNDER MY FEET
cv-valid-dev/sample-003132.mp3,the boy noticed that the owner of the bar stood nearby listening attentively to their conversation,3,0,twenties,male,us,4.5,THE BOY NOTICED TH THE ONER OF THE BAR STOOD NEAR BY LISTENING ATTENTIVELY TO THEIR CONVERSATION
cv-valid-dev/sample-003133.mp3,you old sorcerer the boy shouted up to the sky,3,0,,,,3.7,YOU OLD SORCERER THE BOY SHOUTED UP TO THE SKY
cv-valid-dev/sample-003134.mp3,but my heart is agitated the boy said,2,0,seventies,male,australia,3.8,BUT MY HEART IS ANGETITEN THE BOY SAID
cv-valid-dev/sample-003135.mp3,it looked like a rusty gas float,3,0,,,,4.5,IT LOOKED LIKE A RUSTY GAS FLOAT
cv-valid-dev/sample-003136.mp3,i told you i can't use your column any more,2,0,fifties,female,australia,5.7,I TOLD YOU I CAN'T ULE YOUR COLUMN ANY MORE
cv-valid-dev/sample-003137.mp3,i think it's plenty terrific,1,0,,,,2.7,I THINK IT'S PLENTY TERRIFIC
cv-valid-dev/sample-003138.mp3,i've suddenly become quite important,2,0,,,,2.8,I'VE SUDDENLY BECOME QUITE IMPORTANT
cv-valid-dev/sample-003139.mp3,he took back his books and packed them away again in their bags,2,0,teens,female,england,7.4,HE TOOK BACK HIS BOOKS AND PACKED THEM AWAY AGAIN IN THEIR BAGS
cv-valid-dev/sample-003140.mp3,the alchemist opened a bottle and poured a red liquid into the boy's cup,4,0,,,,5.3,THE ALCHEMIST OPENED A BOTTLE AND POURED A RED LIQUID INTO THE BOY'S CUP
cv-valid-dev/sample-003141.mp3,you forgot to pack it,3,0,thirties,male,england,2.1,YOU FORGOT TO PACK IT
cv-valid-dev/sample-003142.mp3,the old man gave a signal and everyone stood,2,0,,,,6.6,THE OLD MAN GAVE A SIGNAL AND EVERY ONE STOOD
cv-valid-dev/sample-003143.mp3,but my heart is agitated the boy said,3,0,thirties,male,us,3.4,BUT MY HEART IS AGITATED THE BOY SAID
cv-valid-dev/sample-003144.mp3,do you read me,1,0,thirties,male,england,2.0,D UREGLE
cv-valid-dev/sample-003145.mp3,the hand with the whip pointed to the south,2,1,,,,3.6,THE HAND WITH THE WHIP POINTED TO THE SOLP
cv-valid-dev/sample-003146.mp3,that's not my money,2,0,fifties,female,us,2.9,THAT'S NOT MY MONEY
cv-valid-dev/sample-003147.mp3,and you've told me about omens,2,0,,,,3.6,AND YOU'VE TOLD ME ABOUT THE OMENS
cv-valid-dev/sample-003148.mp3,'m all about those invisible cosmic connections that transcend time and distance,3,1,,,,5.3,ALL ABOUT THOSE INVISIBLE COSMIC CONNECTIONS THAT TRESCEND TIME AND DISTACE
cv-valid-dev/sample-003149.mp3,absolutely despicable that gingerbread men are forced to live in houses made of their own flesh,8,0,,,,6.5,ABSOLUTELY DESPICABLE THAT GINGERBREAD MEN ARE FORCED TO LIVE IN HOUSES MADE OF THEIR OWN FLESH
cv-valid-dev/sample-003150.mp3,they set off running wildly into the trees,5,0,,,,2.7,THEY SET OFF RUNNING WILDLY INTO THE TREES
cv-valid-dev/sample-003151.mp3,with every day that passed the boy's heart became more and more silent,1,0,,,,6.1,WITH EVERY DAY THAT PASSED THE BOY'S HEART BECAME MORE AND MORE SILENT
cv-valid-dev/sample-003152.mp3,he paused for a moment to see if the woman knew what the egyptian pyramids were,4,0,sixties,female,african,6.1,HE PAUSED FOR A MOMENT TO SEE IF THE WOMAN KNEW WHAT THE EGYPTIAN PURIFITS WERE
cv-valid-dev/sample-003153.mp3,the day was hot and the wine was refreshing,1,0,twenties,male,indian,3.9,THE DAY WAS HOT AND THE WINE WAS REPRESSING
cv-valid-dev/sample-003154.mp3,most of them were staring quietly at the big table,5,2,,,,3.5,MOST OF THEM WERE STIRRING QUIETLY AT THE BIG TABLE
cv-valid-dev/sample-003155.mp3,the dead soldiers were replaced by others and life went on,1,0,,,,3.9,THE DEAD SOLDIERS WERE REPLACED BY OTHERS IN WIFE WENDEL
cv-valid-dev/sample-003156.mp3,always ask an objective question,2,0,twenties,male,us,3.9,ALWAYS ASK AN OBJECTIVE QUESTION
cv-valid-dev/sample-003157.mp3,he was twenty minutes from his tent and began to make his way there,1,0,,,,5.9,HE WAS TWENTY MINUTES FROM HIS TENT AND BEGAN TO MAKE HIS WAY THERE
cv-valid-dev/sample-003158.mp3,but i'm going in search of my treasure the boy said,2,1,thirties,male,,4.5,BUT AM GOING IN MY SERGE OF MY TREASURE THE BOYS SAID
cv-valid-dev/sample-003159.mp3,the simum blew that day as it had never blown before,2,0,fourties,female,us,4.4,THE SIMMON BLUE THAT DAY AS IT HAD NEVER BLOWN BEFORE
cv-valid-dev/sample-003160.mp3,on the following day the first clear sign of danger appeared,1,0,,,,5.0,ON THE FOLLOWING DAY THE FIRST CLEAR SIGN OF DANGER APPEARED
cv-valid-dev/sample-003161.mp3,if you want something you gotta go get it,1,0,thirties,male,,2.7,IF YOU WANT SOMETHING YOU'VE GOTTE GO GET IT
cv-valid-dev/sample-003162.mp3,no one seemed to have thought about it that night,3,0,,,,7.0,NO ONE SEEMED TO HAVE THOUGHT ABOUT IT THAT NIGHT
cv-valid-dev/sample-003163.mp3,i don't know why these things have to be transmitted by word of mouth he thought,1,0,,,,4.7,I DON'T KNOW WHY THESE THINGS HAVE TO BE TRANSMITTED BY WORD OF MOUTH HE THOUGHT
cv-valid-dev/sample-003164.mp3,the elevators are still running,1,0,,,,2.4,THE ELEVATORS ARE STILL RUNNING
cv-valid-dev/sample-003165.mp3,the wind began to blow again,1,0,,,,2.5,THE WIND BEGAN TO BLOW AGAIN
cv-valid-dev/sample-003166.mp3,wrapped in a scarf and blinded by the blizzard the boy scrambled for the subway,1,0,,,,5.8,WRAPPED IN A SCALF AND BLINDED BY THE BLIZZARD THE BOY SCRAMBLED FOR THE SUBWAY
cv-valid-dev/sample-003167.mp3,at that time it was quite clear in my own mind that the thing had come from the planet mars,3,0,twenties,male,,7.7,AT THAT TIME IT WAS QUITE CLEAR IN MY OWN MIND THAT THE THING HAD COME FROM THE PLANET MARS
cv-valid-dev/sample-003168.mp3,i'm getting trevor ready,2,0,,,,1.9,I'M GETTING TREMPER READY
cv-valid-dev/sample-003169.mp3,the boy didn't know what to say,2,1,,,,3.0,THE BOY DIDN'T KNOW WHAT TO SAY
cv-valid-dev/sample-003170.mp3,i shall make us some ice cubes,5,1,fourties,male,us,3.5,I SHALL MAKE SOME ICE CUBES
cv-valid-dev/sample-003171.mp3,i burned the omelette,1,0,,,,5.2,I BURNED THE OMELET
cv-valid-dev/sample-003172.mp3,a breeze began to blow,1,0,,,,2.5,A BRIEZE BEGAN TO BLOW
cv-valid-dev/sample-003173.mp3,i'd know that voice anywhere,1,0,fourties,female,us,2.5,I'D KNOW THAT VOICE ANYWHERE
cv-valid-dev/sample-003174.mp3,the two men exchanged some words in arabic and the bar owner seemed irritated,4,0,,,,5.1,THE TWO MEN EXTANSOM WAS IN ARABIC AND THE BAROWNER SEEMED IRRITATED
cv-valid-dev/sample-003175.mp3,the area was swirling in dust so intense that it hid the moon from view,2,0,,,,6.6,THE AREA WAS SWIRLING IN DUST SO INTENSE THAT IT HID THE MOON FROM VIEW
cv-valid-dev/sample-003176.mp3,everyone has his or her own way of learning things he said to himself,2,0,teens,male,,3.9,EVERYONE HAS HIS OR HER OWN WAY OF LEARNING THINGS HE SAID TO HIMSELF
cv-valid-dev/sample-003177.mp3,i couldnt stop staring at it,1,0,fourties,male,us,4.1,I COULDN'T STOP STARING AT IT
cv-valid-dev/sample-003178.mp3,as they sat down at the only table in the place the crystal merchant laughed,4,1,,,,4.3,AS THEY SAT DOWN AT THE ONLY TABLE IN THE PLACE THE CRYSTAL MERCHANT LAUGHED
cv-valid-dev/sample-003179.mp3,the ingenious physicist rubbed his nose and scratched his chin,2,0,,,,5.4,THE INGENIOUS PHYSICIST WRAPPED HIS NOSE AND SCRATCHED HIS CHIN
cv-valid-dev/sample-003180.mp3,it was dropping off in flakes and raining down on the sand,1,0,twenties,male,us,3.8,IT WAS DROPPING UP IN FLAKES AND READING DOWN IN THE SAND
cv-valid-dev/sample-003181.mp3,and the murmur lasted longer than a simple vow would have,4,2,,,,4.8,AND THE MURMURER LASTED LONGER THAN A SIMBLE VOW WOULD HAVE
cv-valid-dev/sample-003182.mp3,scattered groups of people were hurrying from the direction of woking,1,0,sixties,female,us,5.1,SCATTERED GROUPS OF PEOPLE WERE HURRYING FROM THE DIRECTION OF WAKING
cv-valid-dev/sample-003183.mp3,because for him you are a green field from which he always returns with game,4,0,,,,5.4,BECAUSE FOR HIM YOU ARE THE GREENFIELD FROM WHICH HE ALWAYS RETURNS WITH GAME
cv-valid-dev/sample-003184.mp3,it was as if it quivered but really this was the telescope vibrating,3,0,,,,6.8,IT WAS AS IF IT QUAVERED BUT REALLY THIS WAS THE TELESCOPE VIBRATING
cv-valid-dev/sample-003185.mp3,after all who doesnt want to overcome new challenges and achieve great heights,2,0,twenties,male,indian,4.8,AFTER ALL O DOSN'T WANT TO WORCOME NEW CHALLENGES AND ATYV GREAT HEIGHTS
cv-valid-dev/sample-003186.mp3,i learned the alchemist's secrets in my travels,3,0,,,,3.1,I LEARNED THE ALCHEMIST SECRETS IN MY TRAVELS
cv-valid-dev/sample-003187.mp3,i had the everyone has gary busey's teeth dream again,5,0,,,,5.3,I HAD THE EVERY ONE HAS GARYBUTY'S TEETH TO DREAM AGAIN
cv-valid-dev/sample-003188.mp3,i guess i was homesick,1,0,fourties,female,canada,1.9,I GUESS I WAS HOMESICK
cv-valid-dev/sample-003189.mp3,it seemed such a little thing so bright and small and still,1,0,,,,5.1,IT SEEMED I UCH A LITTLE THING SO BRIGHT AND SMALL AND STILT
cv-valid-dev/sample-003190.mp3,you point to a trail of ants leading into the house,3,0,fourties,male,us,5.5,YOU POINT TO A TRAIL OF ANTS LEADING INTO THE HOUSE
cv-valid-dev/sample-003191.mp3,he approached the mass and was surprised at the size and the shape,3,1,,,,10.4,HE APROASHED  THE MASS AND WOOD SURPRISED AT SIZE AND THE SHAY PUT
cv-valid-dev/sample-003192.mp3,they all complain they're practically working for the government,1,0,teens,female,us,3.7,THEY ALL COMPLAIN THEY'RE PRACTICALLY WORKING FOR THE GOVERNMENT
cv-valid-dev/sample-003193.mp3,if only we could see it,1,0,fourties,male,england,2.7,IF ONLY WE COULD SEE IT
cv-valid-dev/sample-003194.mp3,many telescopes were pointed at it,5,1,,,,4.7,MANY TELESCOPES WERE POINTED AT IT
cv-valid-dev/sample-003195.mp3,i pointed out mars a bright dot of light,5,0,teens,female,us,2.9,I POINTED OUT ANCE A BRIGHT DOT OF LIGHT
cv-valid-dev/sample-003196.mp3,what are they doing the old man asked pointing at the people in the plaza,5,0,,,,4.2,WHAT ARE THEY DOING THE OLD MAN ASKED POINTING AT THE PEOPLE IN THE PLAZA
cv-valid-dev/sample-003197.mp3,that it was unable to deal with this boy who spoke the language of the world,1,0,,,,9.9,THAT IT WAS UNABLE TO DEAL WITH THIS BOY WHO SPOKE THE LANGUAGE OF THE WORLD
cv-valid-dev/sample-003198.mp3,it's like the camel driver said 'eat when it's time to eat,23,0,,,,5.4,IT'S LIKE THE KEMEL DRIVER'S HEAD EAT WHEN IT'S TIME TO EAT
cv-valid-dev/sample-003199.mp3,that's why i feel that i deserve a part of what you find,6,0,fifties,male,us,4.5,THAT'S WHY I FEEL THAT I DESERVE A PART OF WHAT YOU FIND
cv-valid-dev/sample-003200.mp3,and he wasn't faring much better,3,0,,,,4.4,AND HE WASN'T VERY MUCH BETTER
cv-valid-dev/sample-003201.mp3,he knew he was stronger than his friend,3,0,,,,3.9,HE KNEW HE WAS STRONGER THAN HIS FRIEND
cv-valid-dev/sample-003202.mp3,as the sun rose the men began to beat the boy,2,0,,,,5.3,AS THE SUN ROSE THE MEN BEGAN TO BEAT THE BOY
cv-valid-dev/sample-003203.mp3,i'm looking for a treasure said the boy and he immediately regretted having said it,3,0,,,,6.6,I AM LOOKING FOR TREASURE SAID THE BOY AND HE IMMEDIATELY REGRETTED HAVING SAID IT
cv-valid-dev/sample-003204.mp3,they have cheap sausages and fries at the brewery tomorrow,1,0,,,,4.4,THEY HAVE CHEAP SAUSAGES AND FRIES OF THE BREWERY TO MORROW
cv-valid-dev/sample-003205.mp3,i was disappointed at this inanimate bulk,4,0,,,,3.1,I WAS DISAPPOINTED AT THIS INANIMATE BULK
cv-valid-dev/sample-003206.mp3,i don't blame him,1,0,,,,3.5,I DONT CLAM IM
cv-valid-dev/sample-003207.mp3,well then help me do that the boy said,2,0,,,,3.5,WELL THEN HAPPY DO THAT THE BOY SAID
cv-valid-dev/sample-003208.mp3,about an hour ago,2,0,,,,2.6,ABOUT AN HOUR AGO
cv-valid-dev/sample-003209.mp3,there were really i think two or three hundred people elbowing one another,3,0,,,,6.1,THERE WERE REALLY I THINK TWO OR THREE HUNDRED PEOPLE ELBOWING ONE ANOTHER
cv-valid-dev/sample-003210.mp3,the boy took out urim and thummim from his bag,2,0,,,,4.3,THE BOY TOOK OU AREMANTHUMBHIM FROM HIS BAG
cv-valid-dev/sample-003211.mp3,the cushion was soft and inviting,1,0,,,,2.4,THE CUSHION WAS SOFT AND INVITING
cv-valid-dev/sample-003212.mp3,that's where you're mistaken,2,0,fifties,male,us,2.4,THAT'S WHERE YOU'RE MISTAKEN
cv-valid-dev/sample-003213.mp3,they forgot that lead copper and iron have their own destinies to fulfill,1,0,,,,5.9,THEY FORGOT THAT LEI COWPER AND INE HAD THEIR OWN DESTINIES TO FULFIL
cv-valid-dev/sample-003214.mp3,it was the first time either had touched the other,3,0,,,,2.7,IT WAS THE FIRST TIME EITHER HAD TOUCHED THE OTHER
cv-valid-dev/sample-003215.mp3,it wasn't much anyway,2,0,,,,2.9,IT WASN'T MUCH ANYWAY
cv-valid-dev/sample-003216.mp3,then one day the boy returned the books to the englishman,2,0,,,,4.1,THEN ONE DAY THE BOY RETURNED THE BOOKS TO THE ENGLISHMAN
cv-valid-dev/sample-003217.mp3,unlike voicecode which is a complete solution dragonfly is just an improved python api to dragon,1,0,,,,6.6,UNLIKE VOICE CODE WHICH IS A COMPLETE SOLUTION DRAGON FLY IS JUST AN IMPROVED PIPE ON A P I TO DRAGON
cv-valid-dev/sample-003218.mp3,someplace you could have put it,3,0,thirties,male,us,3.4,SOME PLACE TECOUD E PUT IN
cv-valid-dev/sample-003219.mp3,i had to test your courage the stranger said,2,0,,,,4.9,I HAD TO TEST YOUR COURAGE THE STRANGER SAID
cv-valid-dev/sample-003220.mp3,don't mind the colonel,1,0,,,,2.8,DON'T MIND THE COLONEL
cv-valid-dev/sample-003221.mp3,one is loved because one is loved,3,0,,,,3.7,ONE IS LOVED BECAUSE ONE IS LOVED
cv-valid-dev/sample-003222.mp3,but it sounds like it won't be fixed until the consumer version which doesn't have a release date yet,1,0,fourties,male,newzealand,6.6,BUT IT SOUNDS LIKE IT WON'T BE FIXED UNTIL A CONSUMA VISION WHICH DOESN'T HAVE A RELEASE DAT YET
cv-valid-dev/sample-003223.mp3,the londoners regretted visiting this awful place,1,0,,,,2.7,AN LONE AN EVERY GRAVE WIS IN THIS NOBLE BLICE
cv-valid-dev/sample-003224.mp3,on the very first page it described a burial ceremony,1,0,,,,4.6,ON THE VERY FIRST PAGE IT DESCRIBED BERIAL CEREMONY
cv-valid-dev/sample-003225.mp3,he didn't know the man yet but his practiced eye would recognize him when he appeared,1,0,thirties,female,us,6.7,HE DIDN'T KNOW THE MAN YET BUT HIS PRACTICED EYE WOULD RECOGNISE HIM WHEN HE APPEARED
cv-valid-dev/sample-003226.mp3,a large piece suddenly came off and fell with a loud and sharp noise,3,2,,,,5.0,A LARGE PIECE SUDDENLY CAME OFF AND FELLED WITH A LOUD AND SHARP NOISE
cv-valid-dev/sample-003227.mp3,i don't trust anybody,2,0,twenties,male,indian,2.0,I DON'T TRUST ANYBODY
cv-valid-dev/sample-003228.mp3,we are obliged at least once in our lives to visit the holy city of mecca,2,1,,,,5.0,WE ARE OBLIGED AT LEAST ONCE IN OUR LIVES TO VISIT THE HOLY CITY OF MEICA
cv-valid-dev/sample-003229.mp3,the boy wanted to believe that his friend had simply become separated from him by accident,1,0,,,,8.7,THE BOY WANTED TO BELIEVE THAT HIS FRIEND HAD SIMPLY BECOME SEPARATED FROM HIM BY ACCIDENT
cv-valid-dev/sample-003230.mp3,no the alchemist answered,1,0,,,,2.5,NO THE ALCHYMIST ANSWERED
cv-valid-dev/sample-003231.mp3,the boy was startled,2,0,,,,2.0,THE BOY WAS STARTLED
cv-valid-dev/sample-003232.mp3,the following night the boy appeared at the alchemist's tent with a horse,1,0,thirties,female,us,4.8,THE FOLLOWING NIGHT THE BOY APPEARED AT THE ALCHEMIS'S TENT WITH THE HORSE
cv-valid-dev/sample-003233.mp3,he stood silent and motionless regarding me,17,0,fourties,male,canada,4.3,HE STOOD SILENT AND MOTIONLESS REGARDING ME
cv-valid-dev/sample-003234.mp3,i'm beginning to realize that,1,0,thirties,female,england,2.9,I'M BEGINNING TO REALISE THAT
cv-valid-dev/sample-003235.mp3,it was as if it quivered but really this was the telescope vibrating,3,0,,,,6.3,IT WAS AS IF IT QUIVERED BUT REALLY THIS WAS THE TELESCOPE VIBRATING
cv-valid-dev/sample-003236.mp3,it was just that he couldn't grasp what it meant,1,0,,,,3.9,IT WAS JUST THAT HE COULDN'T GRASP WHAT WAS MEAN
cv-valid-dev/sample-003237.mp3,vicky wanted to not make a spectacle of herself,1,0,fifties,male,england,4.1,VICKIE WANTED TO NOT MAKE A SPECTACLE OF HERSELF
cv-valid-dev/sample-003238.mp3,henderson stood up with a spade in his hand,3,0,,,,3.7,HENDERSON STOOD UP WITH A SPADE IN HIS HAND
cv-valid-dev/sample-003239.mp3,but i felt miserable watching him wither away like a shriveled dandelion,2,1,,,,6.2,BUT I FELT MISERABLE WATCHING HIM WITHER AWAY LIKE A SHRIVELLED DANDELIAN
cv-valid-dev/sample-003240.mp3,you already know all you need to know,3,0,,,,2.4,YOU ALREADY KNOW ALL YOU NEED TO KNOW
cv-valid-dev/sample-003241.mp3,you can hear out of it,2,0,fourties,male,canada,2.6,YOU CAN HEAR OUT OF IT
cv-valid-dev/sample-003242.mp3,she and the judge are like corned beef and cabbage,2,0,thirties,male,england,3.1,SHE AND THE JUDGE ARE LIKE CORNED BEEF AND CABBAGE
cv-valid-dev/sample-003243.mp3,we've done it said the englishman who had also awakened early,2,0,,,,5.4,WE'VE DONE IT SAID THE ENGLISHMAN WHO HAD ALSO AWAKENED EARLY
cv-valid-dev/sample-003244.mp3,he felt unsafe like during his first lesson in driving school,1,0,,,,5.4,HE FELT UNSAFE LIKE DURING HIS FIRST BLESSON AN DRIVING SCHOOL
cv-valid-dev/sample-003245.mp3,i'm going to need it,1,0,,,,3.0,I'M GOING TO NEED IT
cv-valid-dev/sample-003246.mp3,the young arab took out a book and began to read,2,0,teens,male,us,3.4,THE YOUNG ARAB TOOK OUT A BOOK AND BEGAN TO READ
cv-valid-dev/sample-003247.mp3,that man is terrific,1,0,,,,2.1,THAT MAN IS TERRIFIC
cv-valid-dev/sample-003248.mp3,my seven year resume gap is marked not drugs,3,0,,,,5.5,MY SEVEN YEAR RESUME GAP IS MARKED NOT DRUGS
cv-valid-dev/sample-003249.mp3,on rainy days i will play inside,1,0,,,,3.3,ON RAINY DAYS I WILL PLAY INSIDE
cv-valid-dev/sample-003250.mp3,my review of the sun one star,1,0,,,,3.7,MY REVIEW OF THE SUN ONE STAR
cv-valid-dev/sample-003251.mp3,the people were also praying to heaven for protection,4,0,thirties,male,philippines,3.6,THE PEOPLE WERE ALSO PRAYING TO HEAVEN FOR PROTECTION
cv-valid-dev/sample-003252.mp3,the people will enjoy the tea and want to buy the glasses,5,0,,,,4.6,THE PEOPLE WILL ENJOY THE TEA AND WANT TO BUY A GLASSES
cv-valid-dev/sample-003253.mp3,the top had certainly ceased to rotate,1,0,,,,4.1,THE TOP HAD CERTAINLY CEASED TO ROTATE
cv-valid-dev/sample-003254.mp3,i'll talk to you tonight,1,0,fourties,male,england,2.3,I'LL TOUCH YOU TO NIGHT
cv-valid-dev/sample-003255.mp3,but it is not a class that was requested by our alumni or prospective students,2,0,,,,5.8,BUT IT IS NOT A CLASS THAT WAS REQUESTED BY OUR ALAMNI OR RESPECTIVE STUDENTS
cv-valid-dev/sample-003256.mp3,another run on the bank,1,0,,,,2.2,ANOTHER RUN ON THE BANK
cv-valid-dev/sample-003257.mp3,those are the rules of war the leader explained,3,0,,,,7.3,THOSE ARE THE RULES OF WAR THE LEADER EXPLAINED
cv-valid-dev/sample-003258.mp3,trust in your heart but never forget that you're in the desert,3,0,fourties,male,us,3.0,TRUST IN YOUR HEART BUT NEVER FORGET THAT YOU ARE IN THE DESERT
cv-valid-dev/sample-003259.mp3,well then why do we need all these books the boy asked,1,0,fourties,male,england,4.1,WELL THEN WHY DO WE NEED ALL THESE BOOKS THE BOY ASKED
cv-valid-dev/sample-003260.mp3,meanwhile the boy thought about his treasure,2,0,,,,3.2,MEANWHILE THE BOY THOUGHT ABOUT HIS TREASURE
cv-valid-dev/sample-003261.mp3,and look how many things the wind already knew how to do,1,0,fourties,female,us,4.7,AND LOOK HOW MANY THINGS THE WIND ALREADY KNEW HOW TO DO
cv-valid-dev/sample-003262.mp3,storm increasing over the rockies,2,0,sixties,male,scotland,2.8,STORM INCREASING OVER THE ROCKIES
cv-valid-dev/sample-003263.mp3,don't be impatient he repeated to himself,3,0,,,,3.5,DON'T BE IMPATIENT HE REPEATED TO HIMSELF
cv-valid-dev/sample-003264.mp3,sadly my dream of becoming a squirrel whisperer may never happen,3,0,,,,5.0,SADLY MY DREAM OF BECOMING A SQUIRREL A WHISPERER MAY NEVER HAPPEN
cv-valid-dev/sample-003265.mp3,this was the strangest of all things that ever came to earth from outer space,7,1,,,,7.3,THIS WAS THE STRANGEST OF ALL THINGS THAT EVER CAME TO EARTH FROM OUTER SPACE
cv-valid-dev/sample-003266.mp3,her old man was doc mitchell,1,0,,,,2.8,HER OLD MAN WAS DOC MITCHELL
cv-valid-dev/sample-003267.mp3,i'd like you to take me there if you can,3,0,twenties,male,,3.9,I'D LIKE YOU TO TAKE ME THERE IF YOU CAN
cv-valid-dev/sample-003268.mp3,the oasis is neutral ground,2,1,twenties,male,,3.9,THE EOASUS IS NEUTRAL GROUND
cv-valid-dev/sample-003269.mp3,he prepared himself a sandwich and drank some hot tea from a crystal glass,2,0,teens,male,us,4.5,HE PREPERRED HIMSELF A SANDWICH AND DRANK SOME HOT TEA FROM A CRYSTAL GLASS
cv-valid-dev/sample-003270.mp3,the streamer of gas came out towards us,3,0,,,,4.2,THE STREAMER OF GAS CAME OUT TOWARDS US
cv-valid-dev/sample-003271.mp3,it's not often that money can save someone's life,3,0,,,,3.5,IT'S NOT OFTEN THAT MONEY CAN SAVE SOMEONE'S LIFE
cv-valid-dev/sample-003272.mp3,they mounted their horses and rode out in the direction of the pyramids of egypt,7,0,,,,5.5,THEY MOUNTED THEIR HORSES AND RODE OUT IN THE DIRECTION OF THE PYRAMIDS OF EGYPT
cv-valid-dev/sample-003273.mp3,it was such a gradual movement that he found it only by noticing the dots,3,0,,,,25.3,IT WAS SUCH A GRADUAL MOVEMENT THAT HE FOUND IT ONLY BY NOTICING THE DOTS
cv-valid-dev/sample-003274.mp3,to stuff into their own pockets,1,0,fifties,male,australia,2.6,TO STUFF INTO THEIR OWN POCKETS
cv-valid-dev/sample-003275.mp3,i don't think i follow you,1,0,,,,1.9,I DON'T THINK I FOLLOW YOU
cv-valid-dev/sample-003276.mp3,can i get a woot woot,2,0,,,,4.7,CAN I GET A HOOT BOT
cv-valid-dev/sample-003277.mp3,i'll just watch him he said to himself,4,0,thirties,female,us,3.4,I'LL JUST WATCH HIM HE SAID TO HIMSELF
cv-valid-dev/sample-003278.mp3,the englishman was disappointed,1,0,fourties,male,us,4.0,THE ENGLISHMAN WAS DISAPPOINTED
cv-valid-dev/sample-003279.mp3,as the englishman left fatima arrived and filled her vessel with water,2,0,,,,5.4,AS THE ENGLISHMAN LEFT FATIMA ARRIVED AND FILLED HER VESSEL WITH WATER
cv-valid-dev/sample-003280.mp3,it seemed so safe and tranquil,3,0,,,,3.8,IT SEEMED SO SAFE AND TRANQUIL
cv-valid-dev/sample-003281.mp3,the rectangle was parallel to the square,1,0,fourties,male,,4.7,THE RECTANGLE WAS PARALLEL TO THE SQUARE
cv-valid-dev/sample-003282.mp3,i feel so good i could spit,1,0,,,,1.7,I FEEL SO GOOD I COULD SPIT
cv-valid-dev/sample-003283.mp3,cover up that transmitter,2,0,,,,2.6,COVER UP THAT TRANSMITTER
cv-valid-dev/sample-003284.mp3,take good care of him,1,0,,,,2.6,TAKE GOOD CARE OF HIM
cv-valid-dev/sample-003285.mp3,that doesn't say much for mine,3,0,fifties,female,,3.0,THAT DOESN'T SAY MUCH FOR MINE
cv-valid-dev/sample-003286.mp3,he's looking for you,2,0,thirties,male,us,1.9,HE'S LOOKING FOR YOU
cv-valid-dev/sample-003287.mp3,ellie won first prize in the spelling competition,1,0,,,,4.9,ELLY WON FIRST PRIZE IN THE SPELLING COMPETITION
cv-valid-dev/sample-003288.mp3,in spite of this i still believed that there were men in mars,1,0,,,,6.8,IN SPITE OF THIS I STILL BELIEVE THAT THERE WERE MEN IN MARS
cv-valid-dev/sample-003289.mp3,but i found it difficult to get to work because of the investigations,3,0,,,,5.2,BUT I FOUND IT DIFFICULT TO GET TO WORK BECAUSE OF THE INVESTIGATIONS
cv-valid-dev/sample-003290.mp3,now let's take a look at the candidates,1,0,thirties,male,us,2.1,NOW LET'S TAKE A LOOK AT THE CANDIDATE
cv-valid-dev/sample-003291.mp3,would you like a cappuccino,1,0,,,,2.7,WOULD YOU LIKE A CAPATINO
cv-valid-dev/sample-003292.mp3,he could always go back to being a shepherd,4,3,,male,us,2.4,HE COULD ALWAYS GO BACK TO BEING A SHEPHER
cv-valid-dev/sample-003293.mp3,many telescopes were pointed at it,4,0,,,,4.0,MANY TELESCOPES WERE APPINED AT AT IT
cv-valid-dev/sample-003294.mp3,no doubt the impact had caused a flash of fire,1,0,,,,4.0,NO DOUBT THE IMPECT HAD COLED THE FLESH OF FIRE
cv-valid-dev/sample-003295.mp3,like everybody learns he said,1,0,,,,6.6,LIKE EVERYBODY LEARNS HE SAID
cv-valid-dev/sample-003296.mp3,the end of the cylinder was still as ogilvy and henderson had left it,2,1,,,,5.2,THE END OF THE CYLINDER WAS STILL AS AGILERY AND HENDERSHAN HAD LEFT IT
cv-valid-dev/sample-003297.mp3,the fine manufacturing company was a bookkeeper for fourteen years,2,0,thirties,male,african,6.3,THE FINE MANUFACTURING COMPANY WAS A BOOKKEEPER FOR FOURTEEN YEARS
cv-valid-dev/sample-003298.mp3,he was dressed only in his pajamas,1,0,,,,3.8,HE WAS DRESSED ONLY IN HIS PAJAMAS
cv-valid-dev/sample-003299.mp3,what time is it,1,0,sixties,female,us,2.3,WHAT TIME IS IT
cv-valid-dev/sample-003300.mp3,the horseman was completely immobile as was the boy,3,2,twenties,,indian,5.3,THE HORSEMAN WAS COMPLETELY IMMOBLE AS WAS TABLE
cv-valid-dev/sample-003301.mp3,at the same time people were passing my shop all the time heading for mecca,2,0,,,,16.4,AT THE SAME TIME PEOPLE WERE PASSING MY SHOP ALL THE TIME HEADING FOR MACA AT THE SAME TIME PEOPLE WERE PASSING MY SHOP ALL THE TIME HEADING FOR MACA WHO STOP
cv-valid-dev/sample-003302.mp3,you can only spit out so many seeds,3,0,thirties,male,newzealand,2.3,YOU CAN ONLY SPLIT OUT SO MANY SEEDS
cv-valid-dev/sample-003303.mp3,a large piece suddenly came off and fell with a loud and sharp noise,3,0,,,,6.3,A LARGE PIECE SUDDENLY CAME OFF AND FELL WITH A LOWED AND SHARP NOISE
cv-valid-dev/sample-003304.mp3,toffee coated all the surfaces it was disgustingly sticky,1,0,thirties,male,us,7.0,TOUFFY QOATED ON THE SURFACES IT WAS DISGUSTINGLY STICKY
cv-valid-dev/sample-003305.mp3,somebody had returned my lost credit card to the bank,1,0,thirties,male,us,6.2,SOMEBODY HAD RETURNED MY LOST CREDIT CARD TO THE BANK
cv-valid-dev/sample-003306.mp3,and the falcon then nourishes man,3,0,,,,4.7,AND THE FOLK AN THER NOURISHET MAN
cv-valid-dev/sample-003307.mp3,you came so that you could learn about your dreams said the old woman,2,0,,,,4.9,YOU CAME SO THAT YOU COULD LEARN ABOUT YOUR DREAMS SAID THE OLD WOMAN
cv-valid-dev/sample-003308.mp3,did you see his picture on the cover of time,1,0,twenties,female,us,2.9,DID YOU SEE THIS PICTURE ON THE COVER OF TIME
cv-valid-dev/sample-003309.mp3,in one he had read that many years ago a famous arabian alchemist had visited europe,7,0,twenties,male,canada,5.4,IN ONE HE HAD READ THAT MANY YEARS AGO A FAMOUS ARABIAN ALCHYMIST HAD VISITED EUROPE
cv-valid-dev/sample-003310.mp3,the englishman's eyes lit up,3,0,,,,3.4,THE ENGLISHMAN'S EYES LIT UP
cv-valid-dev/sample-003311.mp3,i hope it works,1,0,thirties,male,scotland,1.5,E HOPE IT WORKS
cv-valid-dev/sample-003312.mp3,they stood there looking at the moon,1,0,,,,2.4,THEY STOOD THERE LOOKING AT THE MOON
cv-valid-dev/sample-003313.mp3,the camel driver though seemed not to be very concerned with the threat of war,2,0,thirties,male,,6.0,THE CAMEL DRIVER THOUGH SEEMED NOT TO BE VERY CONCERNED WITH THE THREAT OF WAR
cv-valid-dev/sample-003314.mp3,it's too bad that he's quickly going to forget my name he thought,2,0,twenties,male,,5.1,IT'S TOO BAD THAT HE'S QUICKLY GOING TO FORGET MY NAME HE THOUGHT
cv-valid-dev/sample-003315.mp3,the war continued and at times the wind carried the sweet sickly smell of blood,3,0,twenties,male,indian,6.8,THE WAR CONTINUED AND AT TIMES THE WIND CARRIED THE SUITE SICKLY SMELLERBLED
cv-valid-dev/sample-003316.mp3,i can clean up those glasses in the window if you want said the boy,3,0,,,,4.9,I CAN CLEAN UP THOSE GLASSES IN THE WINDOW IF YOU WANT SAID THE BOY
cv-valid-dev/sample-003317.mp3,the fact that the two hours had stretched into an entire year didn't matter,9,2,,,,4.7,THE FACT THAT THE TWO HOURS HAD STRETCHED INTO AN ENTIRE ERNIMATAL
cv-valid-dev/sample-003318.mp3,now he was here not with his flock but with a shovel,1,0,,,,4.3,NOW HE WAS HERE NOT WITH HIS FLOCK BUT WITH A SHOVEL
cv-valid-dev/sample-003319.mp3,he hoped that it would be someone as capable as his previous apprentice,1,0,,,,4.9,HE HOPED THAT HE WOULD BE SOME ONE AS CAPABLE AS HIS PREVIOUS APPRENTICE
cv-valid-dev/sample-003320.mp3,the englishman asked if they were in danger,1,0,,,,5.9,THE ENGLISHMAN ASKED IF THEY WERE IN DANGER
cv-valid-dev/sample-003321.mp3,i know very well what you're talking about,1,0,,,,2.8,I KNOW VERY WELL WHAT YOU'RE TALKING ABOUT
cv-valid-dev/sample-003322.mp3,the camel driver was not a fighter and he had consulted with seers,4,1,,,,5.5,THE CAMEL DRIVER WAS NOT A FIGHTER AND HE HAD CONSULTED WITH SEERS
cv-valid-dev/sample-003323.mp3,it was only when i got this close to it that the strangeness of it was at all evident to me,10,1,twenties,male,us,7.1,IT WAS ONLY WHEN I GOT THIS CLOSE TO IT THAT THE STRANGENESS OF IT WAS AT ALL EVIDENT TO ME
cv-valid-dev/sample-003324.mp3,everything has been written by the same hand,1,0,,,,4.7,EVERYTHING HAS BEEN WRITTEN BY THE SAME HAND
cv-valid-dev/sample-003325.mp3,for at that time it had not occurred to him that it might be hollow,2,1,fifties,male,canada,4.0,FOR AT THAT TIME IT HAD NOT OCCURRED TO HIM THAT IT MIGHT BE HOLLOW
cv-valid-dev/sample-003326.mp3,does she have the money,1,0,,,,1.6,DOS SHE HAVE THE MONEY
cv-valid-dev/sample-003327.mp3,i just don't trust anyone who says they've never had hamburger helper,2,0,,,,4.8,I JUST DON'T TRUST ANYONE WHO SAYS THEY'VE NEVER HAD HAMBUGGER HELPER
cv-valid-dev/sample-003328.mp3,we need to run,1,0,,,,2.9,WE NEED TO RUN
cv-valid-dev/sample-003329.mp3,he was selling better than ever,3,0,,,,2.9,HE WAS SELLING BETTER THAN EVER
cv-valid-dev/sample-003330.mp3,then he dropped his spade picked up his jacket and came out into the road,3,0,twenties,male,england,6.1,THEN HE DROPPED HIS SPADE PICKED UP HIS JACKET AND CAME OUT INTO THE ROAD
cv-valid-dev/sample-003331.mp3,you can't be the wind the wind said,2,1,,,,3.4,YOU CAN'T BE THE WIND THE WIND SAID
cv-valid-dev/sample-003332.mp3,there was a moment of silence so profound that it seemed the city was asleep,3,0,,,,5.9,THERE WAS A MOMENT OF SILENCE SO PROFOUND THAT IT SEEMED THE CITY WAS ASLEEP
cv-valid-dev/sample-003333.mp3,i'm going to put her through college,1,0,,,,2.3,I'M GOING TO PUT HER THROUGH COLLEGE
cv-valid-dev/sample-003334.mp3,you wanna take this outside,3,0,,,,3.7,YOU WANT TO TAKE THIS OUTSIDE
cv-valid-dev/sample-003335.mp3,you can try using an eye tracker to accomplish this but the precision isn't quite high enough,1,0,thirties,female,england,4.9,YOU CAN TRY USING AN ICERACKER TO ACCOMPLISH THIS BUT THE PRECISION ISN'T QUITE HIGH ENOUGH
cv-valid-dev/sample-003336.mp3,you have enough gold to buy many sheep and many camels,2,0,,,,5.7,YOU HAVE ENOUGH GO TO BUY MANY SHEEP AND MANY CAMELS
cv-valid-dev/sample-003337.mp3,my wife pointed out to me the brightness of the red green and yellow signal lights,10,1,,,,6.3,MY WIFE POINTED OUT TO ME THE BRIGHTNESS OF THE RED GREEN AND YELLOW SIGNAL LIGHTS
cv-valid-dev/sample-003338.mp3,his name is welch,1,0,,,,1.9,HIS NAME IS WELSH
cv-valid-dev/sample-003339.mp3,enough said the boy,1,0,,,,3.5,ENOUGH SAID THE BOY
cv-valid-dev/sample-003340.mp3,he's trying to trick you again,3,0,,,,2.9,HE IS TRYING TO DRINK YOU AGAIN
cv-valid-dev/sample-003341.mp3,i told him we could teach her to ignore people who waste her time,2,0,,,,5.2,I TOLD HIM WE COULD TEACH HER TO IGNORE PEOPLE WHO WASTE HER TIME
cv-valid-dev/sample-003342.mp3,the serpent relaxed immediately,1,0,fourties,male,us,4.0,THE SERPENT RELAXED IMMEDIATELY
cv-valid-dev/sample-003343.mp3,it's called the principle of favorability,7,0,,,,3.9,IT'S CALLED THE PRINCIPLE OF FAVORABILITY
cv-valid-dev/sample-003344.mp3,one must prepare for it,1,0,fifties,male,england,2.6,ONE MUST PREPARE FOR IT
cv-valid-dev/sample-003345.mp3,but he didn't need to worry about that right now,2,0,thirties,male,african,4.5,BUT HE DIDN'T NEED TO WORRY ABOUT THAT RIGHT NOW
cv-valid-dev/sample-003346.mp3,for every ten dead men among our enemies you will receive a piece of gold,2,0,,,,5.0,FOR EVERY TEN DEAD MEN AMONG OUR ENEMIES YOU WILL RECEIVE A PIECE OF GOLD
cv-valid-dev/sample-003347.mp3,why shouldn't i make father my beneficiary,4,0,thirties,male,us,6.0,WHY SHOULDN'T I MAKE FATHER MY BENEFICIARY
cv-valid-dev/sample-003348.mp3,it looked like a rusty gas float,7,0,,,,2.5,IT LOOKED LIKE A RASTY GAS FLOAT
cv-valid-dev/sample-003349.mp3,what's she up to,1,0,fifties,female,australia,2.7,WHAT HE APICL
cv-valid-dev/sample-003350.mp3,these are the spies said one of the men,2,0,fifties,male,england,3.7,THESE ARE THE SPIES SAID ONE OF THE MEN
cv-valid-dev/sample-003351.mp3,it was impossible to remember all the details that he covered in an hour,1,0,,,,5.1,IT WAS IMPOSSIBLE TO REMEMBER ALL THE DETAILS THAT HE COVERED IN AN HOUR
cv-valid-dev/sample-003352.mp3,as fast as i can,3,0,fifties,male,us,2.3,AS FAST AS I CAN
cv-valid-dev/sample-003353.mp3,your office telephoned me to hold him,1,0,,,,2.6,YOUR OFFICE TELEPHONED ME TO HOLD HIM
cv-valid-dev/sample-003354.mp3,he put a sign on the door and they went to a small cafe nearby,2,0,twenties,male,african,4.2,HE PUT A SIGN ON THE DOLL AND THEY WENT TO A SMALL CAFE NEAR BY
cv-valid-dev/sample-003355.mp3,the boy looked around for the ovens and other apparatus used in alchemy but saw none,1,0,,,,6.1,THE BOY LOOKED AROUND FOR THE OVENS AN OTHER APPARATUS USED IN ALCHEMY BUT SAW NONE
cv-valid-dev/sample-003356.mp3,there were raised voicesand some sort of struggle appeared to be going on ,1,0,,,,6.4,THERE WERE RAISED VOICES AND SOME SORT OF STRUGGLING APPEARED TO BE GOING ON
cv-valid-dev/sample-003357.mp3,the crow tilted its head as if it was thinking,1,0,,,,3.4,THE CROW TILTED ITS HEAD AS IF IT WAS THINKING
cv-valid-dev/sample-003358.mp3,everything i do is friendly,1,0,,,,3.0,EVERYTHING I DO IS FRIENDLY
cv-valid-dev/sample-003359.mp3,they had gone away to breakfast at henderson's house,5,0,,,,4.4,THEY HAD GONE AWAY TO BREAKFAST AT HENDERSON'S HOUSE
cv-valid-dev/sample-003360.mp3,at the first glance it was really not very exciting,6,0,,,,3.9,AT THE FIRST GLANCE IT WAS REALLY NOT VERY EXCITING
cv-valid-dev/sample-003361.mp3,but that was simply because my eye was tired,4,0,teens,male,,3.6,THAT WAS SIMPLY BECAUSE MY EYE WAS TIRED
cv-valid-dev/sample-003362.mp3,and about you too,4,0,,,,2.7,AND ABOUT YOU TOO
cv-valid-dev/sample-003363.mp3,it was starlight and i explained the signs of the zodiac to her,1,0,,,,7.3,IT WAS STAR LIGHT AND I EXPLAINED THE SIGNS OF THE JORDIA TO HER
cv-valid-dev/sample-003364.mp3,americans love to have a barbecue,1,0,twenties,male,,3.8,AMERICANS LOVE TO HAVE A BARBICUE
cv-valid-dev/sample-003365.mp3,turkey for thanksgiving,1,0,twenties,female,indian,2.7,TARKEE FULL OF THANKSGIVING
cv-valid-dev/sample-003366.mp3,the night was warm and i was thirsty,1,0,,,,4.3,THE NIGHT WAS WARM AND I WAS THIRSTY
cv-valid-dev/sample-003367.mp3,four hundred and fifty dollars,1,0,,,,3.3,FOUR HUNDRED AND FIFTY DOLLARS
cv-valid-dev/sample-003368.mp3,another dreamer said the ticket seller to his assistant watching the boy walk away,3,0,twenties,male,us,7.3,ANOTHER DREAMER SAID THE TICKET SELLER TO HIS ASSISTANT WATCHING THE BOY WALK AWAY
cv-valid-dev/sample-003369.mp3,the boy was relieved,1,0,thirties,female,us,2.3,THE BOY WAS RELIEVED
cv-valid-dev/sample-003370.mp3,it was faintly marked with transverse stripes and slightly flattened from the perfect round,4,1,teens,male,,6.3,IT WAS FAINLY MARKED WITH TRANSFERRED STRIPES AND SLIGHTLY FLATTENED FROM THE PERFECT REALM
cv-valid-dev/sample-003371.mp3,mr nelson come yet,1,0,thirties,female,,2.2,MISTER NALLSON COME YET
cv-valid-dev/sample-003372.mp3,and then they want the person to change,2,0,,,,4.0,AND THEN THEY WANTED THE PERSON TO CHANGE
cv-valid-dev/sample-003373.mp3,they are called private and public key,1,0,fifties,female,indian,3.4,THEY ARE BON PRIVATE AND POPI
cv-valid-dev/sample-003374.mp3,why did you want to see me the boy asked,4,0,,,,3.9,WHY DID YOU WANT TO SEE ME THE BOY ASKED
cv-valid-dev/sample-003375.mp3,we'll save them for seed,1,0,twenties,female,indian,3.3,NILA SAVED THEM FOR SWEED
cv-valid-dev/sample-003376.mp3,note that the emacs extension ace jump mode works similarly to this,1,0,,,,7.0,NOTE THAT THE EMEC' EXTENSION AS JUNK MODE WORKED SIMILARLY TO THIS
cv-valid-dev/sample-003377.mp3,who could have predicted that,1,0,fourties,male,us,2.9,WHO COULD HAVE PREDICTED THAT
cv-valid-dev/sample-003378.mp3,never stop dreaming the old king had said,2,0,,,,3.6,NEVER STOP CREAMING THE OLD KING HAD SAID
cv-valid-dev/sample-003379.mp3,the sheep will get used to my not being there too the boy thought,1,0,,,,4.8,THE SHEEP WILL GET USED TO MY NOT BEING THERE TOO THE BOY THOUGHT
cv-valid-dev/sample-003380.mp3,he appeared with the first stars of evening,2,0,,,,6.3,HE APPEARED WITH THE FIRST STARS OF EVENING
cv-valid-dev/sample-003381.mp3,they set off running wildly into the trees,3,0,,,,3.7,THEY SET OFF RUNNING WILDLY INTO THE TREES
cv-valid-dev/sample-003382.mp3,i thought i'd buy them some groceries,1,0,,,,2.0,I THOUGHT THOD BUY THEM SOME GROCERIES
cv-valid-dev/sample-003383.mp3,it was as if it quivered but really this was the telescope vibrating,4,0,,,,10.3,IT WAS AS IF IT QUIVERED BUT REALLY THIS WAS THE TELESCOPE VIBRATING
cv-valid-dev/sample-003384.mp3,absolutely despicable that gingerbread men are forced to live in houses made of their own flesh,3,0,,,,7.4,ABSOLUTELY DESPICABLE FOUR GINGER BRED MEN ARE FORCED TO LIVE IN HOUSES MADE OF THEIR OWN FLESH
cv-valid-dev/sample-003385.mp3,and he vanished around the corner of the plaza,3,0,,,,4.5,AND HE VANISHED AROUND THE CORNER OF THE PLAZA
cv-valid-dev/sample-003386.mp3,at the first glance it was really not very exciting,4,0,thirties,male,us,5.4,AT THE FIRST GLANCE IT WAS REALLY NOT VERY EXCITING
cv-valid-dev/sample-003387.mp3,most meteorites are more or less rounded,4,0,,,,4.4,MOST METEO RITES ARE MORE OR LESS ROUNDED
cv-valid-dev/sample-003388.mp3,from the railway station in the distance came the sound of trains ringing and rumbling,3,1,,,,9.1,FROM THE RAILWAY STATION IN THE DISTANCE CAME THE SOUND OF TRAINS RINGING AND RUMBLING EGH
cv-valid-dev/sample-003389.mp3,they shouted consolation and promises and went off back to the town again to get help,3,0,,,,5.3,THEY SHOUTED CONSOLATION AND PROMISES AND WENT OFF BACK INTO THE TOWN AGAIN TO GET HELP
cv-valid-dev/sample-003390.mp3,if you start your emails with greetings let me be the first to welcome you to earth,1,0,,,,6.4,IF YOU START YOUR FEMALES WITH GREETINGS LET ME BE THE FIRST TO WELCOME YOU TO EARTH
cv-valid-dev/sample-003391.mp3,why do they need gin,1,0,teens,male,us,2.9,WHY DO THEY NEED JIN
cv-valid-dev/sample-003392.mp3,i left my father my mother and the town castle behind,1,0,,,,5.0,I LEFT MY FATHER MY MOTHER AND THE TOWNCASTLE BEHIND
cv-valid-dev/sample-003393.mp3,before the sun had reached its high point five hundred tribesmen appeared on the horizon,4,0,,,,10.8,BEFORE THE SUN HAD REACHED ITS HIGH POINT FIVE HUNDRED TRIBESMEN APPEARED ON THE HORIZON
cv-valid-dev/sample-003394.mp3,the greatest authority on meteorites stated that the height of its first appearance was about ninety or one hundred miles,7,2,,,,11.3,THE GREATEST AUTHORITY ON MITERITES STATED THAT THE HEIGHT OF ITS FIRST APPEARANCE WAS ABOUT NINETY OR ONE HUNDRED MILES
cv-valid-dev/sample-003395.mp3,it is i who dared to do so said the boy,3,0,,,,3.3,IT IS I WHO DARE TO DO SO SAID THE BOY
cv-valid-dev/sample-003396.mp3,he decided to stay right there and await his return,3,0,,,,3.3,HE DECIDED TO STAY RIGHT THERE AND AWAIT HIS RETURN
cv-valid-dev/sample-003397.mp3,they looked for the fallen mass but found nothing,1,0,fourties,female,singapore,5.1,THEY LOOKED FOR THE FOLLEN MARES BUT FOUND NOTHING
cv-valid-dev/sample-003398.mp3,toward the end of the afternoon they came upon a coptic monastery,1,0,,,,6.2,TOWARD THE END OF THE AFTERNOON THEY CAME UP UPON ACOPTIC MONASQERY
cv-valid-dev/sample-003399.mp3,i don't want anything else in life,3,1,,,,2.5,I DON'T WANT ANYTHING ELSE IN LIFE
cv-valid-dev/sample-003400.mp3,taking the ferry was a wise choice,1,0,,,,2.5,TAKING THE FAIRY  ISAWISE CHOICE
cv-valid-dev/sample-003401.mp3,they're not worth much the englishman answered,3,0,,,,3.2,THEYARE NOT WORTH MUCH THE ENGLISHMAN ANSWERED
cv-valid-dev/sample-003402.mp3,that sobered him a little,3,0,teens,male,us,2.5,THAT SOBERED HIM A LITTLE
cv-valid-dev/sample-003403.mp3,fatima appeared at the entrance to the tent,7,2,teens,male,england,2.9,FOR TIMMER APPEARED AT THE ENTRANCE OF THE TENT
cv-valid-dev/sample-003404.mp3,can you imagine that,1,0,,,,4.7,CAN YOU IMAGINE THAT
cv-valid-dev/sample-003405.mp3,somewhere you are holding the person i love the boy said,3,0,fifties,male,us,4.5,SOMEWHERE YOU ARE HOLDING THE PERSON I LOVE THE BOY SAID
cv-valid-dev/sample-003406.mp3,the boy remembered an old proverb from his country,1,0,,,,7.0,THE BOY REMEMBERED AN OLD PROVERB FROM HIS COUNTRY
cv-valid-dev/sample-003407.mp3,she took care of bobby for us,1,0,,,,3.4,SHE TOOK CARE OF BOBBY FOR US
cv-valid-dev/sample-003408.mp3,i've been looking for you all morning he said as he led the boy outside,2,1,,,,4.9,I'VE BEEN LOOKING FOR YOU ALL MORNING HE SAID AS HE LET THE BOY OUTSIDE
cv-valid-dev/sample-003409.mp3,my wife pointed out to me the brightness of the red green and yellow signal lights,2,0,,,,7.8,MY WIFE POINTED OUT TO ME THE BRIGHTNESS OF THE RED GREEN AND YELLOW SIGNAL LIGHTS
cv-valid-dev/sample-003410.mp3,the boy thanked him ate it and went on his way,1,0,,,,4.2,THE BOY THANKED HIM ATE IT AND WENT UP HIS WAY
cv-valid-dev/sample-003411.mp3,a line of flame high can be seen in the atmosphere,2,0,,,,13.3,A LINE OF FLAME HIGH CAN BE SEEN IN THE ATMOSPHERE A LINE OF FLAME HIGH CAN BE SEEN IN THE ATMOSPHERE
cv-valid-dev/sample-003412.mp3,they represent millions of voters,1,0,,,,4.5,THEY REPRISENT MILLIONS OF VOTERS
cv-valid-dev/sample-003413.mp3,have liv call me in the restaurant in twenty minutes,1,0,,,,3.9,HAVE LIVE CALLED ME IN THE RESTAURANT IN TWENTY MINUTES
cv-valid-dev/sample-003414.mp3,put down that chair,1,0,fifties,male,england,3.0,PUT DOWN THAT CHAIR
cv-valid-dev/sample-003415.mp3,only when he consents,1,0,,,,2.7,ONLY WHEN HE CONSENTS
cv-valid-dev/sample-003416.mp3,she felt like a weakling in comparison to her newborn daughter,1,0,thirties,female,england,4.1,SHE FELT LIKE A WEAKLING IN COMPARISON TO HER NEWBORN DAUGHTER
cv-valid-dev/sample-003417.mp3,catherine walked alongside the canal,2,0,,,,4.4,CASHMAN WALKED ALONG BSIDE THE CANOL
cv-valid-dev/sample-003418.mp3,all the joy he had seen that morning had suddenly disappeared,1,0,thirties,male,england,4.1,ALL THE JOY HE HAD SEEN THAT MORNING HAD SUDDENLY DISAPPEARED
cv-valid-dev/sample-003419.mp3,who's the ten for,1,0,twenties,male,us,2.5,WHO'S THE TEN FOR
cv-valid-dev/sample-003420.mp3,i can't think any more,1,0,twenties,male,us,3.2,I CAN'T THINK ANY MORE
cv-valid-dev/sample-003421.mp3,mecca is a lot farther away than the pyramids,6,4,,,,3.2,MECCA IS A LOT FARTHER AWAY FROM THE PYRAMIDS
cv-valid-dev/sample-003422.mp3,but before i go i want to tell you a little story,3,0,,,,3.5,BUT BEFORE I GO I I WON'T GET DOWN ON IN STILY
cv-valid-dev/sample-003423.mp3,and you've told me nothing along the way said the boy,2,0,,,,4.7,AND YOU TOLD ME NOTHING ALONG THE WAY SAID THE BOY
cv-valid-dev/sample-003424.mp3,the boy was embarrassed and confessed that he had observed nothing,1,0,fifties,female,,4.5,THE BOY WAS EMBARRASSED AND CONFESSED THAT HE HAD OBSERVED NOTHING
cv-valid-dev/sample-003425.mp3,leanne joined a choir so everyone could hear her sublime singing voice,1,0,,,,6.8,LANA JOINED BY CHARLES TO EVERYONE COULD HEAR HER SUBLIME SINKING VOICE
cv-valid-dev/sample-003426.mp3,why do they make things so complicated he asked the englishman one night,3,0,,,,6.2,WHY DO THEY MAKE THINGS SO COMPLICATED HE ASKED THE ENGLISHMAN ONE NIGHT
cv-valid-dev/sample-003427.mp3,don't you know there's a war on,1,0,,,,3.4,DON'T YO KNOW THERE'S A WAR ON
cv-valid-dev/sample-003428.mp3,why don't we search their rooms,1,0,twenties,male,us,2.7,WHY DON'T WE SEARCH THEIR ROOMS
cv-valid-dev/sample-003429.mp3,the boy knew a lot of people in the city,1,0,,,,5.7,THE BOY KNEW A LOT OF PEOPLE IN THE CITY
cv-valid-dev/sample-003430.mp3,it seemed such a little thing so bright and small and still,5,1,,,,6.8,IT SEEMED SUCH A LITTLE THING SO BRIGHT AND SMALL AND STILLY
cv-valid-dev/sample-003431.mp3,he had always believed that the sheep were able to understand what he said,1,0,,,,5.4,HE HAD ALWAYS BELIEVED THAT HE SHEEP WERE ABLE TO UNDERSTAND WHAT HE SAID
cv-valid-dev/sample-003432.mp3,he thought of the merchant's daughter and was sure that she had probably married,1,0,fourties,male,scotland,4.2,HE THOUGHT OF THE MERCHANT'S DAUGHTER AND WAS SURE THAT SHE WAS PROBABLY MARRIED
cv-valid-dev/sample-003433.mp3,but i'm going to egypt the boy said,4,0,,,,3.8,BUT I'M GOING TO EGYPT THE BOY SAID
cv-valid-dev/sample-003434.mp3,the experiments are unconvincing,2,0,twenties,male,us,3.0,EXPERIMENTS ARE UNCONVENCING
cv-valid-dev/sample-003435.mp3,he put a sign on the door and they went to a small cafe nearby,1,0,,,,5.5,IT PUT A SIGN ON THE DOOR AND I WENT TO A SMALL CAFE NEBOR
cv-valid-dev/sample-003436.mp3,is it a deal or isn't it,1,0,thirties,male,us,2.5,IS IT A DEAL OR ISN'T IT
cv-valid-dev/sample-003437.mp3,but i found it difficult to get to work because of the investigations,7,0,fifties,female,australia,5.4,BUT I FOUND IT DIFFICULT TO GET TO WORK BECAUSE OF THE INVESTIGATIONS
cv-valid-dev/sample-003438.mp3,when he speaks in our language i can interpret what he has said,2,0,teens,male,england,4.2,WHEN HE SPEAKS IN OUR LANGUAGE I CAN INTERPRET WHAT HE HAS SAID
cv-valid-dev/sample-003439.mp3,it was his heart that would tell him where his treasure was hidden,3,0,,,,7.5,IT WAS HIS HEART THAT WOULD TELL HIM WHERE HIS TREASURE WAS HIDDEN
cv-valid-dev/sample-003440.mp3,i'll take mine now,1,0,twenties,female,england,2.1,I'LL TAKE MY NOW
cv-valid-dev/sample-003441.mp3,the concrete was covered in moss,1,0,,,,2.7,THE CONCRETE WAS COVERED IN MOSS
cv-valid-dev/sample-003442.mp3,it's the master work of the alchemists,4,1,,,,3.4,IT'S THE MASTER WORK IN THE ALCHINISTS
cv-valid-dev/sample-003443.mp3,it was my fear of failure that first kept me from attempting the master work,3,2,,,,8.9,MASIZED ATTEMPTING IT WAS MY FEAR OF FAILURE THAT FIRST KEPT ME FROM ATTEMPTING THE MASTER WOG
cv-valid-dev/sample-003444.mp3,i'll see you get it in fifteen minutes,1,0,thirties,male,england,3.4,I'LL SEE YOU GET IT IN FIFTEEN MINUTES
cv-valid-dev/sample-003445.mp3,with every day that passed the boy's heart became more and more silent,1,0,,,,4.3,WITH EVERY DAY THAT PASSED THE BOY'S HEART BECAME MORE AND MORE SILENT
cv-valid-dev/sample-003446.mp3,you are wise because you observe everything from a distance the boy said,3,0,thirties,female,us,4.8,YOU ARE WISE BECAUSE YOU OBSERVE EVERYTHING FROM A DISTANCE THE BOY SAID
cv-valid-dev/sample-003447.mp3,but there's a tribal war the boy reiterated,1,0,,,,3.5,BUT THERE'S A TRIBE OF WAR THE BOY REITERATED
cv-valid-dev/sample-003448.mp3,even then he hardly understood what this meant,5,0,,,,3.8,EVEN THEN HE HARDLY UNDERSTOOD WHAT THIS MEANT
cv-valid-dev/sample-003449.mp3,in any case the desert was impassable,14,1,,,,4.1,IN ANY CASE THE DESERT WAS IMPASSABLE
cv-valid-dev/sample-003450.mp3,but he kept quiet because he had heard what the alchemist said to the monk,1,0,thirties,male,,5.1,BUT HE KEPT QUIET BECAUSE HE HAD HEARD WHAT THE ALCHIMIST SAID TO THE MONK
cv-valid-dev/sample-003451.mp3,how do you know she didn't,1,0,fifties,male,us,2.1,HOW DO YOU KNOW SHE DIDN'T
cv-valid-dev/sample-003452.mp3,i don't know how to find life in the desert the boy said,1,0,,,,5.5,I DON'T KNOW HOW TO FIND LIFE IN THE DESERT THE BOY SAIT
cv-valid-dev/sample-003453.mp3,at that point in their lives everything is clear and everything is possible,3,0,twenties,other,us,5.6,AT THAT POINT IN THEIR LIVES EVERYTHING IS CLEAR AND EVERYTHING IS POSSIBLE
cv-valid-dev/sample-003454.mp3,you got your sea legs yet,1,0,twenties,male,us,2.3,YOU GOT YOUR SEA LEGS YET
cv-valid-dev/sample-003455.mp3,on the second day the boy climbed to the top of a cliff near the camp,3,0,,,,6.5,ON THE SECOND DAY THE BOY CLIMBED TO THE TOP OF A CLIFF NEAR THE CAMP
cv-valid-dev/sample-003456.mp3,why'd you want to save me,1,0,,,,3.1,WHY DID YOU WANT TO SAVE ME
cv-valid-dev/sample-003457.mp3,give me the district attorney's office,1,0,twenties,male,us,4.0,GIVE ME THE DISTRICT ATTORNEY'S OFFICE
cv-valid-dev/sample-003458.mp3,but i didnt think that it contained any living creature,5,0,thirties,male,canada,4.5,BUT I DIDN'T THINK THAT IT CONTAINED ANY LIVING CREATURE
cv-valid-dev/sample-003459.mp3,but he had found a guide and didn't want to miss out on an opportunity,1,0,,,,5.5,BUT HE HAD FOUND A GUIDE AND DIDN'T WANT A MISS OUT ON AN OPPORTUNITY
cv-valid-dev/sample-003460.mp3,he just got a new kite for his birthday,2,0,,,,5.0,HE JUST GOT A NEW KITE FOR HIS BIRTHDAY
cv-valid-dev/sample-003461.mp3,after all he had all his money,6,1,,,,4.2,AFTER ALL HE HAD ALL HIS MONEY
cv-valid-dev/sample-003462.mp3,i just don't trust anyone who says they've never had hamburger helper,1,0,thirties,male,us,4.8,I JUST DON'T TRUST ANYONE WHO SAYS THEY'VE NEVER HAD HAMBURG ER HELPER
cv-valid-dev/sample-003463.mp3,this is why alchemy exists the boy said,1,0,,,,3.0,THIS IS WHY ALCHEMY EXISTS THE BOY SAID
cv-valid-dev/sample-003464.mp3,tell me more about your dream said the woman,1,0,thirties,male,england,2.8,TELL ME MORE ABOUT YOUR DREAM SAID DE WOMAN
cv-valid-dev/sample-003465.mp3,we must stay hidden,1,0,,,,2.1,WE MUST STAY HIDDEN
cv-valid-dev/sample-003466.mp3,upon returning to the wise man he related in detail everything he had seen,3,0,,,,5.1,UPON RETURNING TO THE WISE MAN HE RELATED IN DETAIL EVERYTHING HE HAD SEEN
cv-valid-dev/sample-003467.mp3,i'll be right here,1,0,,,,2.4,I'LL BE RIGHT HERE
cv-valid-dev/sample-003468.mp3,and ask for a glass of wine for me,2,1,,,,9.1,AND ASK FOR A GLASS OF WINE FOR ME
cv-valid-dev/sample-003469.mp3,the boy stood up shakily and looked once more at the pyramids,3,0,teens,female,us,4.6,THE BOY STOOD UP SHAKILY AND LOOKED ONCE MORE AT THE PYRAMIDS
cv-valid-dev/sample-003470.mp3,because i don't live in either my past or my future,2,0,,,,10.2,BECAUSE I DON'T LIVE IN EITHER MY PAST OR MY FUTURE
cv-valid-dev/sample-003471.mp3,then she filled her vessel with water and left,3,0,fifties,male,england,4.2,THEN SHE FILLED HER VESSEL WITH WATER AND LEFT
cv-valid-dev/sample-003472.mp3,every purchase is a vote,1,0,,,,3.0,EVERY PURCHASE IS A VOTE
cv-valid-dev/sample-003473.mp3,my review of the sun one star,5,0,,,,4.5,MY REVIEW OF THE SUN ONE STAR
cv-valid-dev/sample-003474.mp3,there were lights in the upper windows of the houses when the people went to bed,3,0,,,,5.5,THERE WERE LIGHTS IN THE UPPER WINDOWS OF THE HOUSES WHEN THE PEOPLE WENT TO BED
cv-valid-dev/sample-003475.mp3,down below in the darkness were hundreds of people sleeping in peace,6,0,sixties,female,us,10.1,DOWN BELOW IN THE DARKNESS WERE HUNDREDS OF PEOPLE SLEEPING IN PEACE
cv-valid-dev/sample-003476.mp3,he was more confident in himself though and felt as though he could conquer the world,2,1,twenties,male,,6.9,HE WAS MORE CONFIDENT IN HIMSELF THOUGH AND HE FELT AS THOUGH HE COULD CONQUER THE WARD
cv-valid-dev/sample-003477.mp3,they had gone away to breakfast at henderson's house,7,1,twenties,,us,4.2,THEY HAD DONE AWAY TO BREAKFAST AT HENDERSON'S HOUSE
cv-valid-dev/sample-003478.mp3,most meteorites are more or less rounded,6,0,,,,4.0,MOST METEORITES ARE MORE OR LESS ROUNDED
cv-valid-dev/sample-003479.mp3,he's on the way,1,0,thirties,male,us,1.9,HE'S ON THE WAY
cv-valid-dev/sample-003480.mp3,water boarding is a terrible form of torture,1,0,twenties,male,england,3.4,WATER BOARDING IS A TERRIBLE FORM OF TORTURE
cv-valid-dev/sample-003481.mp3,i'm going to put her through college,1,0,,,,4.7,I'M GOING TO PUT HER THROUGH COLLEGE
cv-valid-dev/sample-003482.mp3,he moved about invisible but everyone could hear him,3,0,,,,4.7,HE MOVED ABOUT INVISIBLE BUT EVERY ONE COULD HEAR HIM
cv-valid-dev/sample-003483.mp3,what was written on the emerald tablet the boy wanted to know,1,0,,,,5.0,WHAT WAS WRITTEN ON THE EMERALD TABLET THE BOY WANTED TO KNOW
cv-valid-dev/sample-003484.mp3,how about that one there,2,0,,,,2.2,HOW ABOUT THAT ONE THERE
cv-valid-dev/sample-003485.mp3,but you want to know something,2,0,fourties,male,indian,2.6,BUT YOU WANT TO KNOW SOMETHING
cv-valid-dev/sample-003486.mp3,it left a greenish streak that glowed for some seconds,2,1,thirties,male,australia,3.0,IT LEFT A GREENISH STREAK THAT GLOWED FOR SOME SECOND
cv-valid-dev/sample-003487.mp3,haven't you even started,1,0,,,,1.4,HAVEN'T YOU EVEN STARTED
cv-valid-dev/sample-003488.mp3,you've got everything all set,1,0,,,,2.8,YOU'VE GOT EVERYTHING ALLSET
cv-valid-dev/sample-003489.mp3,please don't make me,1,0,fourties,male,england,2.3,PLEASE DAN'T MET ME
cv-valid-dev/sample-003490.mp3,i'm getting trevor ready,1,0,,,,2.7,I'M GETTING TRIVER READY
cv-valid-dev/sample-003491.mp3,dennis was not a business man,2,0,,,,2.2,AND THIS WAS NOT A BUSINESS MAN
cv-valid-dev/sample-003492.mp3,he could always go back to being a shepherd,1,0,,,,3.5,HE COULD ALWAYS GO BACK TO BEING A SHEPHERD
cv-valid-dev/sample-003493.mp3,i'll give it a drink,1,0,thirties,male,us,2.3,I'LL GIVE IT A DRINK
cv-valid-dev/sample-003494.mp3,at the camp it was difficult to see anything,2,0,,,,4.3,ASTHEY CAME IT 'S DIFFICULT TO SEE ANYTHING
cv-valid-dev/sample-003495.mp3,the boy thought about the crystal merchant,3,0,,,,4.1,THE BOY THOUGHT ABOUT THE CRYSTAL MERCHANT
cv-valid-dev/sample-003496.mp3,what'll it take till the bank reopens,1,0,,,,2.9,WHATILL IT TAKE TILL THE BANK REOPENS
cv-valid-dev/sample-003497.mp3,he was older and was carrying a small bucket,1,0,twenties,female,malaysia,6.6,HE WAS OLDER AND WAS CARRYING A SMALL BUCK
cv-valid-dev/sample-003498.mp3,that's too far from the bedroom,1,0,twenties,male,us,3.3,THAT'S TOO FAR FROM THE BEDROOM
cv-valid-dev/sample-003499.mp3,and they attacked an empty tent,1,0,sixties,female,us,3.7,EMPTY ATTACKED AN EMPTY TINT
cv-valid-dev/sample-003500.mp3,the boy was surprised and then irritated,2,1,fourties,male,england,2.5,THE BOY WAS SURPRISED AND THEN IRRITATE
cv-valid-dev/sample-003501.mp3,well i'd like to see their land and see how they live said his son,3,0,,,,6.4,WELL I'D LIKE TO SEE THEIR LAND AND SEE HOW THEY LIVE SAID THE KASAN
cv-valid-dev/sample-003502.mp3,you can't go any farther one of them said,3,0,,,,4.2,YOU CAN'T GO ANY FARTHER ONE OF THEM SAY
cv-valid-dev/sample-003503.mp3,i heard a peculiar humming sound from the pit,5,0,,,,4.5,I HEARD A PECULIAR HUMMING SOUND FROM THE PIT
cv-valid-dev/sample-003504.mp3,i feel quite ambivalent about the article,1,0,fourties,male,us,4.3,I FEEL QUITE AMBIVOLENT ABOUT THE ARTICLE
cv-valid-dev/sample-003505.mp3,first they tried to find him on their own,2,0,twenties,female,england,3.0,FIRST THEY TRIED TO FIND HIM AND THEIR OWN
cv-valid-dev/sample-003506.mp3,the sun was turned into a golden disk,3,0,fourties,male,us,5.7,THE SUN WAS TURNED INTO A GOLDEN DISK
cv-valid-dev/sample-003507.mp3,strange images passed through my mind,2,0,,,,3.5,STRANGE IMAGES PASSED THROUGH MY MIND
cv-valid-dev/sample-003508.mp3,then he took from his knapsack a bottle of wine and drank some,2,0,fourties,male,,3.5,THEN HE TOOK FROM HIS KNAPSACK A BOTTLE OF WINE AND DRANKS
cv-valid-dev/sample-003509.mp3,this is the mayor,1,0,twenties,male,us,2.1,THIS IS THE MAYOR
cv-valid-dev/sample-003510.mp3,it seemed as if what the old king had called beginner's luck were no longer functioning,1,0,,,,7.2,IT SEEMED AS IF WHAT THE OLD KING HAD CALLED BEGINER'S LUCK WERE NO LONGER FUNCTIONING
cv-valid-dev/sample-003511.mp3,you didn't vote for me the last time,1,0,twenties,male,us,3.1,YOU DIDN'T VOTE FOR ME THE LAST TIME
cv-valid-dev/sample-003512.mp3,i got drunk yesterday and thought i built a super computer,3,0,,,,5.1,I GOT DRUNK YESTERDAY AND THOUGHT I BUILT A SUPERCOMPUTER
cv-valid-dev/sample-003513.mp3,everything's getting cold and you know we've been waiting for you,1,0,,,,5.2,EVERYTHING'S GETTING COLD AND YOU KNOW WE'VE BEEN WAITING FOR YOU
cv-valid-dev/sample-003514.mp3,we returned to the cemetery,1,0,,,,5.1,WE RETURNED TO THE CEMETERY
cv-valid-dev/sample-003515.mp3,the lens was heavy but it had an amazing zoom,1,0,,,,3.2,THE LENDS WAS HEAVY BUT HAD AN AMAZING ZOO
cv-valid-dev/sample-003516.mp3,i only interpret dreams,2,0,twenties,male,us,2.5,I ONLY INTERPRET DREAMS
cv-valid-dev/sample-003517.mp3,the boy awoke as the sun rose,1,0,,,,4.5,THE BOY AWOKE AS THE SUN ROSE
cv-valid-dev/sample-003518.mp3,he approached the mass and was surprised at the size and the shape,7,0,,,,4.8,HE APPROACHED THE MASS AND WAS SURPRISED AT THE SIZE AND SHAPE
cv-valid-dev/sample-003519.mp3,better bring me a glass of milk,1,0,thirties,male,england,2.0,BITTER BRING A GLOSS OF MILK
cv-valid-dev/sample-003520.mp3,we showed up and gave  minute speeches each,1,0,fifties,female,england,4.1,WE SHOVLLED OP AND GAVE THREE MINUTES HPEECHES EACH
cv-valid-dev/sample-003521.mp3,the boy was also saddened his friend was in pursuit of his destiny,2,0,fourties,female,us,7.6,THE BOY WAS ALSO SADDENED HIS FRIEND WAS IN PURSUIT OF HIS DESTINY
cv-valid-dev/sample-003522.mp3,its saturday its hot and i really want to try the dry ramen,1,0,twenties,male,us,5.0,IT'S SATURDAY IT'S HOT AND I REALLY WANT TO DRY THE DRY RAMIN
cv-valid-dev/sample-003523.mp3,an elephant on the roof is soon an elephant in the house,2,1,,,,4.3,AN ELEPHANT IN THE ROOF IS SOON AN ELEPHANT IN THE HOUSE
cv-valid-dev/sample-003524.mp3,why the shots stopped after the tenth no one on earth has tried to explain,4,0,,,,8.6,WHY THE SHOTS STOP AFTER THE TENT NO ONE OONERT HAS TRIED TO EXPLAIN
cv-valid-dev/sample-003525.mp3,he got up early with the idea of finding it,4,0,twenties,male,us,3.6,HE GOT UP EARLY WITH THE IDEA OF FINDING IT
cv-valid-dev/sample-003526.mp3,he has other things to do first,2,0,,,,2.8,HE HAS OTHER THINGS TO DO FIRST
cv-valid-dev/sample-003527.mp3,he put a sign on the door and they went to a small cafe nearby,1,0,twenties,male,us,4.2,HE PUT A SIGN ON THE DOOR AND THEY WENT TO A SMALL CAFE NEAR BY
cv-valid-dev/sample-003528.mp3,dont share your opinions so readily because you never know who is listening,1,0,,,,6.2,DON'T SHARE YOUR OPINION SO READILY BECAUSE YOU NEVER KNOW WHO IS LISTENING
cv-valid-dev/sample-003529.mp3,i had the everyone has gary busey's teeth dream again,3,0,seventies,male,australia,5.7,OHEDTHA EVERYONE HAS GARRY BUSY'S TEETH TRY BEGIN
cv-valid-dev/sample-003530.mp3,as fast as i can,1,0,,,,2.2,AS FOSTER AS I CAN
cv-valid-dev/sample-003531.mp3,now i can see that it hasn't been too bad,1,0,,,,6.7,NOW I CAN SEE THAT IT HASN'T BEEN TOO BAD
cv-valid-dev/sample-003532.mp3,it may be the gases of the firing that caused the martians inconvenience,3,0,twenties,male,us,5.0,IT MAY BE THE GUESSES OF THE FIRING THAT CAUSED THE MARTIANS IN CONVENIENCE
cv-valid-dev/sample-003533.mp3,they locked themselves in their laboratories and tried to evolve as gold had,8,1,,,,5.5,THEY LOCKED THEMSELVES IN THEIR LABORATORIES AND TRIED TO ROLL AS GOLD HAD
cv-valid-dev/sample-003534.mp3,we beat the whole country on that story,2,0,fifties,male,england,3.9,WE BEAT THE WHOLE COUNTRY ON THAT STORY
cv-valid-dev/sample-003535.mp3,you should see the other guy specifically how good at fighting he is,4,0,twenties,male,us,5.0,YOU SHOULD SEE THE OTHER GUEY SPECIFICALLY HOW GOOD AT FIGHTING HE IS
cv-valid-dev/sample-003536.mp3,but i found it difficult to get to work because of the investigations,1,0,,,,5.8,BUT I FOUND IT DIFFICULT TO GET TO WORK BECAUSE OF THE INVESTIGATIONS
cv-valid-dev/sample-003537.mp3,i remember how i sat on the table there in the blackness with patches of green and crimson swimming before my eyes,3,0,twenties,male,,9.0,I REMEMBER HOW I SAT ON THE TABLE THERE IN THE BLACKNESS PATCHES OF GREEN AND CRIMSON STRIMMING BEFORE MY EYES
cv-valid-dev/sample-003538.mp3,nobody knows how much ammunition the military has in its checkpoints,1,0,,,,6.8,NOBODY KNOWS HOW MUCH AMMUNITION THE MILITARY HAS IN ITS CHECK POINT
cv-valid-dev/sample-003539.mp3,i never said i'd take it,1,0,,,,2.7,I NEVER SAID I'D TAKE IT
cv-valid-dev/sample-003540.mp3,but that was simply because my eye was tired,4,2,fourties,male,england,4.9,BUT THAT WAS SIMPLY BECAUSE MY EYE WAS TIRED
cv-valid-dev/sample-003541.mp3,it seemed such a little thing so bright and small and still,1,0,fourties,male,england,5.0,IT SEEMED SUCH A LITTLE THING SO BRIGHT AND SMALL AND STILL
cv-valid-dev/sample-003542.mp3,the heather was on fire and you could see a thin blue smoke rising up slowly,2,0,,,,5.1,THE HERDER WAS ON FIRE AND YO COULD SEE A THIN BLUE SMOKE RISING UP SLOWLY
cv-valid-dev/sample-003543.mp3,in any case it's good that you've learned that everything in life has its price,1,0,,,,7.7,IN ANY CASE IT'S GOOD THAT YOU HAVE LEARNED THAT EVERYTHING IN LIFE HAS ITS PRICE
cv-valid-dev/sample-003544.mp3,they were tribesmen dressed in blue with black rings surrounding their turbans,9,1,,,,8.4,THEY WERE TRIBESMEN DRESSED IN BLUE WITH BLACK RINGS SURROUNDING THEIR TURBANS
cv-valid-dev/sample-003545.mp3,no one seemed to have thought about it that night,3,2,,,,9.0,NO ONE SEEMED TO HAVE THOUGHT ABOUT IT THAT NIGHT
cv-valid-dev/sample-003546.mp3,coming down the block is the biggest steamroller i have ever seen,1,0,,,,6.7,HUMMING DOWN THE BLOCK IS THE BIGGEST STEAM ROLLER I HAVE EVER SEEN
cv-valid-dev/sample-003547.mp3,but only speak a word and my servant will be healed,4,0,,,,4.3,BUT ONLY SPEAK A WORD AND MY SERVANT WILL BE HEALED
cv-valid-dev/sample-003548.mp3,when i had my sheep i was happy and i made those around me happy,1,0,,,,4.3,WHEN I HAD MY SHEEP I WAS HAPPY AND I MADE THOSE AROUND ME HAPPY
cv-valid-dev/sample-003549.mp3,i have already described the appearance of that colossal bulk which was embedded in the ground,2,0,twenties,male,,8.2,I HAVE ALREADY DESCRIBED THE APPEARANCE OF THAT COLOSSAL BULK WHICH WAS IMBEDDED IN THE GROUND
cv-valid-dev/sample-003550.mp3,air was either entering or escaping at the rim with a thin sizzling sound,1,0,,,,7.0,AIR WAS EITHER ENTERING OR ESCAPING AT THE RIM WITH A THIN SIZZLING SOUND
cv-valid-dev/sample-003551.mp3,i'm going to build a bridge a mile long,1,0,fifties,male,us,3.5,I AM GOING TO BUILD A BRIDGE A MILE LONG
cv-valid-dev/sample-003552.mp3,and better still to be alone with one's books,2,0,,,,7.2,INPETA STILL TO BE ALONE WITH ONE'S BOOK
cv-valid-dev/sample-003553.mp3,he asked it please never to stop speaking to him,3,0,thirties,female,canada,3.2,HE ASKED IT PLEASE NEVER TO STOP SPEAKING TO HIM
cv-valid-dev/sample-003554.mp3,it's crawling with cops outside,1,0,twenties,male,,3.7,IT'S CRAWLING WITH COPS OUTSIDE
cv-valid-dev/sample-003555.mp3,but then he remembered that he wasn't going to have to pay anything,2,0,thirties,male,us,5.1,BUT THEN HE REMEMBERED THAT HE WASN'T GOING TO HAVE TO PAY ANYTHING
cv-valid-dev/sample-003556.mp3,some storms are worth the wreckage,4,1,twenties,male,canada,3.0,SOME STORMS ARE WORTH THE WRECKAGE
cv-valid-dev/sample-003557.mp3,i remember grandpa paul looking through it,1,0,,,,3.0,I REMEMBER GRAN'PA PAW LOOKING THROUGH IT
cv-valid-dev/sample-003558.mp3,get martin out of jail,3,0,,,,3.6,GET MARTIN OUT OF JAIL
cv-valid-dev/sample-003559.mp3,i don't know if i'll be able to find life in the desert the boy thought,2,0,,,,7.1,I DON'T KNOW IF I WILL BE ABLE TO PINE LIFE IN THE DESERT THE BOY THOUGHT
cv-valid-dev/sample-003560.mp3,and i'm sorry to say that the congestion is increasing,2,0,,,,4.1,AND IAM SORRY TO SAY THAT THE CONGESTION IS INCREASING
cv-valid-dev/sample-003561.mp3,well then we've got a problem,1,0,,,,3.3,WELL THEN WE GOT A BOLL
cv-valid-dev/sample-003562.mp3,we dont want him,1,0,thirties,male,england,2.0,WE DON'T WANT HIM
cv-valid-dev/sample-003563.mp3,makes about five thousand a year,1,0,fourties,male,canada,3.2,MAKES ABOUT FIVE THOUSAND A YEAR
cv-valid-dev/sample-003564.mp3,one can imagine these two covered with sand running up the little street in the bright sunlight,4,0,twenties,male,us,5.9,ONE CAN IMAGINE THESE TWO COVERED WITH SAND RUNNING UP THE LITTLE STREET IN THE BRIGHT SUNLIGHT
cv-valid-dev/sample-003565.mp3,the burning fire had been extinguished,6,0,fourties,male,england,3.2,THE BURNING FIRE HAD BEEN EXTINGUISHED
cv-valid-dev/sample-003566.mp3,don't say anything fatima interrupted,1,0,twenties,male,african,3.4,DON'T SAY ANYTHING FATIMA INTERRUPTED
cv-valid-dev/sample-003567.mp3,ten years at the university and here i am in a corral,1,0,,,,5.6,TEN YEARS AT UNIVERSITY AND HERE I AM IN A CORRAL
cv-valid-dev/sample-003568.mp3,i'm a woman of the desert she said averting her face,2,0,,,,4.5,I AM A WOMAN OF THE DESERT SHE SAID AVERTING HER FACE
cv-valid-dev/sample-003569.mp3,i couldnt stop staring at it,2,0,,,,4.5,I COULDN'T STOP STARING AT IT
cv-valid-dev/sample-003570.mp3,i admit that i'm an alcoholic,5,0,,,,3.0,I ADMIT THAT I AM AN ARCOHOLIC
cv-valid-dev/sample-003571.mp3,they looked for the fallen mass but found nothing,2,0,,,,9.7,DEY LOOKET FOR THE FILIN MASS BUT FOUND NOTHING
cv-valid-dev/sample-003572.mp3,that first day everyone slept from exhaustion including the englishman,2,0,fifties,male,us,9.6,DAT FIRST DEY EVERYONE SLEPPED FROM EXHAUSTION INCLUDING ENGLISHMAN
cv-valid-dev/sample-003573.mp3,he listened to the wind and felt the stones beneath his feet,4,0,,,,5.8,HE GLISTENED TO THE WIND AND FELT THE STONES BENEATH HIS FEET
cv-valid-dev/sample-003574.mp3,they looked for the fallen mass but found nothing,1,0,,,,4.3,THEY LOOKED FOR THE FOLLL MASS BUT FOUND NOTHING
cv-valid-dev/sample-003575.mp3,until then he had considered the omens to be things of this world,2,1,,,,5.6,UNTIL THEN HE CONSIDERED THE OMENS TO BE THINGS OF THIS WORLD
cv-valid-dev/sample-003576.mp3,now you listen to me,1,0,,,,2.8,NOW YOU LISTEN TO ME
cv-valid-dev/sample-003577.mp3,as soon as he saw me among the crowd he called to me to come down,1,0,,,,5.6,AS SOON AS HE SAW ME AMONG THE CROWD HE CALLED TO ME TO COME DOWN
cv-valid-dev/sample-003578.mp3,it doesn't have to rhyme,1,0,,,,2.5,IT DOESN'T HAVE TO RHYME
cv-valid-dev/sample-003579.mp3,his way isn't the same as mine nor mine as his,1,0,,,,6.4,HISTORY ISN'T THE SAME AS MINE NOR MINE ETIS
cv-valid-dev/sample-003580.mp3,i understand sheep they're no longer a problem and they can be good friends,2,0,,,,13.2,I UNDERSTAND SHEEP THEY'RE NO LONGER A PROBLEM AND THEY CAN BE GOOD FRIENDS
cv-valid-dev/sample-003581.mp3,you can verify and rerecord your own recordings before submitting them,2,0,fifties,female,indian,5.1,YOU CAN VERIFY AND RELECORD YOUR OWN RECORDINGS BEFORE SUBMITTING THET
cv-valid-dev/sample-003582.mp3,they could barely see the boy,2,0,,,,4.5,THEY COULD BARELY SEE THE BOY
cv-valid-dev/sample-003583.mp3,because you have already lost your savings twice,8,0,,,,4.8,BECAUSE YOU HAVE ALREADY LOST YOUR SAVINGS TWICE
cv-valid-dev/sample-003584.mp3,we know that and we are used to it,1,0,,,,3.0,WE KNOW THAT AND WE ARE USED TO IT
cv-valid-dev/sample-003585.mp3,that makes sense the alchemist answered,1,0,,,,7.4,DEATH MAKE SENSE THE ALCHYMIST ANSWERED
cv-valid-dev/sample-003586.mp3,i wish you every possible happiness and joy,1,0,,,,7.5,I WISH YOU EVERY POSSIBLE HAPPINESS AND JOY
cv-valid-dev/sample-003587.mp3,rest well tonight as if you were a warrior preparing for combat,4,2,,,,3.4,RAS WELL TO NIGHT AS IF YOU HAD A WARRIOR PREPARING FOR GONWET
cv-valid-dev/sample-003588.mp3,it's called the principle of favorability beginner's luck,6,0,twenties,female,canada,5.9,IT'S CALLED THE PRINCIPLE OF FAVORABILITY BEGINNER'S LUCK
cv-valid-dev/sample-003589.mp3,we were all made by the same hand and we have the same soul,1,0,thirties,male,,5.7,WE WERE ALL MADE BY THE SAME HAND AND WE HAVE THE SAME SOUL
cv-valid-dev/sample-003590.mp3,all things are one the old man had said,2,1,twenties,male,indian,4.2,ALL TANES ARE ONE THE OLD MEN HAD SAID
cv-valid-dev/sample-003591.mp3,you must understand that love never keeps a man from pursuing his destiny,3,0,,,,6.2,YOU MUST UNDERSTAND THAT LOVE NEVER KEEPS A MAN FROM PURSUING HIS DESTINY
cv-valid-dev/sample-003592.mp3,i turned and as i did so the screw must have fallen out,2,0,,,,4.4,I TURNED AND AS I DID SO THE SCREW MUST HAVE FALLEN OUT
cv-valid-dev/sample-003593.mp3,no that's not what i mean,2,0,,,,2.4,NO THAT'S NOT WHAT I MEAN
cv-valid-dev/sample-003594.mp3,i'm going to them,1,0,,,,2.3,I'M GOING TO THEM
cv-valid-dev/sample-003595.mp3,i want my husband to wander as free as the wind that shapes the dunes,3,0,seventies,male,australia,5.2,I WENT MY HUSBAND TO WANDER AS FREE AS THE WIND THAT SHAPES THE JUNES
cv-valid-dev/sample-003596.mp3,that he wanted to travel,2,0,,,,2.7,THAT SHE WANTED TO TRAVEL
cv-valid-dev/sample-003597.mp3,you can't say that about my father,1,0,,,,3.7,YOU CAN'T SAY THAT ABOUT MY FATHER
cv-valid-dev/sample-003598.mp3,i'm talking about the building and loan,1,0,twenties,male,newzealand,2.9,I'M TALKING ABOUT THE BOLDING IN LONE
cv-valid-dev/sample-003599.mp3,henderson stood up with a spade in his hand,2,0,,,,4.2,HENDESON STOOD UP WITH THE SPADE IN HIS HAND
cv-valid-dev/sample-003600.mp3,but the englishman appeared not to attach any importance to it,1,0,,,,4.8,BUT THE ENGLISHMAN APPEARED NOT TO ATTACH ANY IMPORTANCE TO IT
cv-valid-dev/sample-003601.mp3,i'm not afraid of anything,1,0,teens,male,us,1.6,I'M NOT AFRAID OF ANY
cv-valid-dev/sample-003602.mp3,you point to a trail of ants leading into the house,11,0,,,,3.5,YOU POINT TO A TRAIL OF ANTS LEADING INTO THE HOUSE
cv-valid-dev/sample-003603.mp3,if he ever decided to leave them they would suffer,2,0,,,,6.1,IF HE EVER DECIDED TO LEAVE THEM THEY WOULD SUFFER
cv-valid-dev/sample-003604.mp3,get the governor on the phone,1,0,thirties,male,us,1.9,GET THE GOVERNOR ON THE PHONE
cv-valid-dev/sample-003605.mp3,he moved about invisible but everyone could hear him,1,0,fifties,female,,4.7,HE MOVED ABOUT INVISIBLE BUT EVERYONE COULD HEAR HIM
cv-valid-dev/sample-003606.mp3,where do you live shouted the boy as the horseman rode away,1,0,fourties,male,us,4.2,WHERE DO YOU LIVE SHOUTED THE BOY AS THE HORSEMAN RODE AWAY
cv-valid-dev/sample-003607.mp3,the boy was surprised at his thoughts,3,0,,,,2.5,THE BOY WAS SURPRISED AT HIS THOUGHTS
cv-valid-dev/sample-003608.mp3,seems like yesterday to me,1,0,twenties,male,indian,2.8,SEEMS LIKE YESTERDAY TO ME
cv-valid-dev/sample-003609.mp3,she's a wonderful person,1,0,thirties,male,us,3.1,SHE'S A WONDERFUL PERSON
cv-valid-dev/sample-003610.mp3,came to the bar he had entered on his first day there,1,0,,,,3.3,CAME TO THE BAR HE HAD ENTERED ON HIS FIRST DAY THERE
cv-valid-dev/sample-003611.mp3,how do you do,1,0,thirties,female,england,1.6,HOW DO YOU DO
cv-valid-dev/sample-003612.mp3,he got up early with the idea of finding it,2,0,fourties,male,england,3.4,HE GOT UP EARLY WITH THE IDEA OF FINDING IT
cv-valid-dev/sample-003613.mp3,this desert was once a sea he said,5,0,,,,6.3,THIS DESERT WAS ONCE A SEA HE SAID
cv-valid-dev/sample-003614.mp3,i forgot you were here,1,0,,,,2.5,I FORGOT YOU WERE HERE
cv-valid-dev/sample-003615.mp3,what's she doing over here,1,0,thirties,female,us,1.7,WHAT'S YOU DOING OVER HERE
cv-valid-dev/sample-003616.mp3,maybe he'll give us one,1,0,,,,2.1,MAYBE HE'LL GIVE US ONE
cv-valid-dev/sample-003617.mp3,that sobered him a little,4,0,,,,2.0,THAT SOBBERED HIM A LITTLE
cv-valid-dev/sample-003618.mp3,what'd you wish when you threw that rock,1,0,,,,3.7,WHAT DID YOU WISH WHEN YOU THROGH THAT ROCK
cv-valid-dev/sample-003619.mp3,then suddenly he noticed it with a start,5,0,,,,4.2,THEN SUDDENLY HE NOLISEDID WITH A START
cv-valid-dev/sample-003620.mp3,he paid for the wool and asked the shepherd to come back the following year,1,0,,,,5.6,HE PAID FOR THE WOOL AND ASKED THE SHEPHERD TO COME BACK THE FOLLOWING YEAR
cv-valid-dev/sample-003621.mp3,the thought was so dreadful to him that he forgot about the heat and went forward,3,0,,,,4.4,THE THOUGHT WAS SO DREADFUL TO HIM THAT HE FORGOT ABOUT THE HEAT AND WENT FORWARD
cv-valid-dev/sample-003622.mp3,watch over her tonight,1,0,twenties,male,african,2.8,WATCH OVER HER TO NIGHT
cv-valid-dev/sample-003623.mp3,your mother and i talked it over half the night,1,0,thirties,male,england,3.1,YOUR MOTHER AND I TALKED IT OVER HALF THE NIGHT
cv-valid-dev/sample-003624.mp3,the boy brought his horse closer,1,0,,,,3.4,THE BOY BROUGHT HIS HORSE CLOSER
cv-valid-dev/sample-003625.mp3,he carried two dead hawks over his shoulder,1,0,,,,2.9,HE CARRIED TWO DEAD HOCKS OVER HIS SHOULDER
cv-valid-dev/sample-003626.mp3,hunches his mother used to call them,2,1,teens,male,indian,2.9,HANGES HIS MOTHER USED TO CALL HIM
cv-valid-dev/sample-003627.mp3,well usually i learn more from my sheep than from books he answered,1,0,,,,5.1,WELL USUALLY I LEARN MORE FROM MY SHIP THAN FROM BOOKS THE ANSWEREF
cv-valid-dev/sample-003628.mp3,what difference does that make,2,0,,,,2.5,WHAT DIFFERENCE DOES THAT MAKE
cv-valid-dev/sample-003629.mp3,you don't happen to have eight thousand bucks on you,1,0,,,,3.0,HAPPEN TO HAVE EIGHT THOUSAND BUCKS ON YOU
cv-valid-dev/sample-003630.mp3,maybe this is an omen said the englishman half aloud,7,0,,,,5.4,MAYBE THIS IS AN OMEN SAID THE ENGLISHMAN HALF ALOUD
cv-valid-dev/sample-003631.mp3,wait for the end of the war,3,0,,,,1.9,WAIT FOR THE END OF THE WALL
cv-valid-dev/sample-003632.mp3,well then we've got a problem,1,0,,,,4.5,WELL THEN WE'VE GOT A PROBLEM
cv-valid-dev/sample-003633.mp3,i'm a sucker for it,2,0,thirties,male,england,1.3,I'M A SOCCO FOR
cv-valid-dev/sample-003634.mp3,why can't you be serious,2,0,thirties,male,england,2.5,WHY CAN'T YOU BE SERIOUS
cv-valid-dev/sample-003635.mp3,as he looked at the stones he felt relieved for some reason,1,0,,,,6.1,AS HE LOOKED AT THE STONES HE FELT RELIEVED FOR SOME REASON
cv-valid-dev/sample-003636.mp3,we've been laughing all day about that,1,0,thirties,male,,2.4,I'VE BEEN LAUGHING ALL DAY ABOUT THAT
cv-valid-dev/sample-003637.mp3,another dreamer said the ticket seller to his assistant watching the boy walk away,2,0,,,,8.0,ANOTHER DREAMER SAID THE TICKET SAILER TO HIS ASSISTANT WATCHING THE BOY WOCKAWAY
cv-valid-dev/sample-003638.mp3,put down that chair,1,0,fifties,female,indian,2.4,DOUN THE CHAIR
cv-valid-dev/sample-003639.mp3,and at that i told him and he took my place,1,0,,,,5.9,AND AT THAT I TOLD HIM AND HE TOOK MY PLACE
cv-valid-dev/sample-003640.mp3,they were both silent for a time observing the plaza and the townspeople,3,0,,,,6.1,THEY WERE BOTH SILENT FOR A TIME OBSERVING THE PLAZA AND THE TOWNSPEOPLE
cv-valid-dev/sample-003641.mp3,this is the first phase of the job he said,1,0,,,,3.8,THIS IS THE FIRST PHASE OF DE JOB HE SAID
cv-valid-dev/sample-003642.mp3,henderson went into the railway station to telegraph the news to london,5,2,,,,4.7,HENDERSON WENT INTO THE RAILWAY STATION TO TELEGRAPH ANZS TO LONDON
cv-valid-dev/sample-003643.mp3,but the englishman was exultant,1,0,,,,3.6,BUT THE ENGLISHMEN WERE EXULTAT
cv-valid-dev/sample-003644.mp3,she needs to get her transcripts and passport first,3,0,,,,7.6,SHE NEEDS TO GET HER TRANSCRIPTS AND PAYSPORT FIRST
cv-valid-dev/sample-003645.mp3,some went away while i was there and other people came,3,1,,,,4.6,SOME WENT AWAY WHY I WAS THERE AN OTHEH PEOPLE KAN
cv-valid-dev/sample-003646.mp3,i wished i had a light to smoke by,3,0,,,,2.2,I WISHED I HAD A LIGHT TO SMOKE BY
cv-valid-dev/sample-003647.mp3,they said nothing else,3,0,,,,1.7,THEY SAID NOTHING ELSE
cv-valid-dev/sample-003648.mp3,you know where they are,1,0,,,,2.6,YOU KNOW WHERE THEY ARE
cv-valid-dev/sample-003649.mp3,some do come back,2,0,fourties,male,us,3.3,SOME DO COME BACK
cv-valid-dev/sample-003650.mp3,lots of shepherds passed through selling their wool,2,0,twenties,male,us,4.0,LOTS OF SHEPHERDS PASSED THROUGH SELLING THEIR WOOL
cv-valid-dev/sample-003651.mp3,and he knew what was the fair price for every one of his animals,1,0,,,,10.7,AND HE KNEW WHAT WAS TE FAIR PRICE POR EVERY ONE OT PES ANNIMELS
cv-valid-dev/sample-003652.mp3,suddenly he disappeared and i could hear a faint shriek behind the walls,1,0,thirties,male,us,4.2,SUDDENLY HE DISAPPEARED AND I COULD HEAR A FAINT SHRIEK BEHIND THE WALLS
cv-valid-dev/sample-003653.mp3,i went stretching my legs clumsily and feeling my way in the dark,2,0,,,,7.1,I WENT STRETCHING MY LEGS CLUMSILY AND FEELING MY WAY IN THE DARK
cv-valid-dev/sample-003654.mp3,my review of the sun one star,2,1,,male,us,3.3,MARILIE OF THE SUN ONE STAR
cv-valid-dev/sample-003655.mp3,meanwhile the boy thought about his treasure,5,0,,,,4.4,MEANWHILE THE BOY THOUGHT ABOUT HIS TREASURE
cv-valid-dev/sample-003656.mp3,sadly my dream of becoming a squirrel whisperer may never happen,2,1,,,,5.7,SABRO MY DREAM OF BECOMING A SQUIDDLE WHISPERE NAMED NEVAHACA
cv-valid-dev/sample-003657.mp3,my wife pointed out to me the brightness of the red green and yellow signal lights,1,0,twenties,male,indian,7.8,MY VOY POINTED OUT TO ME THE BRIGHTNESS OF THE RED GREEN AND YELOW SINAL LIGHTS
cv-valid-dev/sample-003658.mp3,what do you mean she can't get away,2,0,,,,3.0,WHAT DO YOU MEAN SHE CAN'T GET AWAY
cv-valid-dev/sample-003659.mp3,now it will be with hope,2,1,,,,2.4,MAWIT WILL WEAVE IT FOR
cv-valid-dev/sample-003660.mp3,absolutely despicable that gingerbread men are forced to live in houses made of their own flesh,3,1,,,,8.4,ABSOLUTELY DESPICABLE THAT GINGEBRED MEN ARE FORCED TO LIVE IN THE HOUSES MADE OF THEIR OWN FLESH
cv-valid-dev/sample-003661.mp3,and i will tell you how to find the hidden treasure,2,0,,,,3.0,AND I WILL TELL YOU HOW TO FIND THE HIDDEN TREASURE
cv-valid-dev/sample-003662.mp3,and the girl pointed to the south indicating that it was there the strange man lived,6,0,,,,7.1,AND THE GIRL POINTED TO THE SOUTH INDICATING THAT IT WAS THERE THE STRANGE MAN LIVED
cv-valid-dev/sample-003663.mp3,dusk was falling as the boy arrived with his herd at an abandoned church,1,0,twenties,male,indian,5.8,DUSK WAS FALLING AT THE BOYARIDE WITH HIS HARD HAT AN ABANDONED JUDGE
cv-valid-dev/sample-003664.mp3,i'll tell you in a minute,1,0,fourties,male,us,3.7,I'LL TELL YOU IN EM A MINUTE
cv-valid-dev/sample-003665.mp3,i have the diet of a kid who found twenty dollars,2,0,fifties,male,us,4.9,I HAVE THE DIET OF A KID WHO FOUND TWENTY DOLLIS
cv-valid-dev/sample-003666.mp3,the elevators are still running,1,0,,,,2.7,THE ELEVATOR'S CAR STILL RUNNING
cv-valid-dev/sample-003667.mp3,the fact that the two hours had stretched into an entire year didn't matter,2,1,fourties,female,us,6.3,THE FACT THAT THE TWO HOURS HAD STRETCHED UNTO AN ENTIRE YEAR DIDN'T MATTER
cv-valid-dev/sample-003668.mp3,i've never seen her before,1,0,sixties,male,ireland,1.8,I HAVE NEVER SEEN HER BEFORE
cv-valid-dev/sample-003669.mp3,but there was a sixth day the sun went on,1,0,,,,4.7,BUT THERE WAS A SIXTH DAY THE SUN WENT ON
cv-valid-dev/sample-003670.mp3,aren't we godlike,1,0,,,us,2.4,AREN'T WE GODLIKE
cv-valid-dev/sample-003671.mp3,when he's an old man he's going to spend a month in africa,3,0,,,,5.7,WHEN HE'S AN OLD MAN HE'S GOING TO SPEND A MONTH IN AFRICA
cv-valid-dev/sample-003672.mp3,at night they spread their sleeping gear and kept their fires hidden,1,0,,,,5.7,AT NIGHT THEY SPREAD THEIR SLEEPING YEAR END KEPT THEIR FIRES HIDDEN
cv-valid-dev/sample-003673.mp3,from the railway station in the distance came the sound of trains ringing and rumbling,3,1,,,,6.4,FROM THE RAILWAY STATION IN THE DISTANT CAME THE SOUND OF TRAINS RINGING AND RUMBLING
cv-valid-dev/sample-003674.mp3,i heard what you were talking about the other day with the alchemist the wind said,1,0,,,,6.0,I HEARD WHAT YOU WERE TALKING ABOUT THE OTHER DAY WITH THE ALCHYMIST THE WIND SAID
cv-valid-dev/sample-003675.mp3,i happen to know conway was married only three months ago,3,0,,,,6.2,I HAPPENED TO KNOW CONVAY WAS MARRIED ONLY THREE MONTHS AGO
cv-valid-dev/sample-003676.mp3,it brought his heart into his mouth,2,0,,,,2.4,HE BROUGHT HIS HEART INDO HIS MOUTH
cv-valid-dev/sample-003677.mp3,but she'll be there,2,0,,,,2.0,BUT SHE'LL BE THERE
cv-valid-dev/sample-003678.mp3,as they moved along the boy tried to listen to his heart,1,0,,,,4.7,AS THEY MOVED ALONG THE BOY TRIED TO LISTEN TO HIS HEART
cv-valid-dev/sample-003679.mp3,you'll marry fatima and you'll both be happy for a year,2,0,,,,6.8,YE'LL MARRY FLATE MAH AND YE'LL WOT BE HAPPY FOR A YEAR
cv-valid-dev/sample-003680.mp3,and then he perceived it very slowly,3,0,fifties,male,us,6.0,AND THEN HE PERCEIVED IT VERY SLOWLY
cv-valid-dev/sample-003681.mp3,i'll tell you something more,1,0,,,,2.5,I'LL TELL YOU SOMETHING MORE
cv-valid-dev/sample-003682.mp3,they mounted their horses,3,0,sixties,male,canada,3.3,THEY MOUNTED THEIR HORSES
cv-valid-dev/sample-003683.mp3,scattered groups of people were hurrying from the direction of woking,3,0,,,,3.8,SCATTERED GROUPS OF PEOPLE WERE HURRYING FROM THE DIRECTION OF WALKING
cv-valid-dev/sample-003684.mp3,the wind has many names,3,0,fifties,female,,3.6,THE WIND HAS MANY NAMES
cv-valid-dev/sample-003685.mp3,i'll cover the method i use and describe some alternatives,1,0,twenties,male,us,3.7,I'LL COVER THE METHOD I USE AND DESCRIBE SOME ALTERNATIVES
cv-valid-dev/sample-003686.mp3,and i'm certain you'll find it the alchemist said,11,0,,,,4.9,AND I'M CERTAIN YOU'LL FIND IT THE ALCHYMIST SAID
cv-valid-dev/sample-003687.mp3,the hookahs were extinguished and the guards stood at attention,3,0,,,,4.8,ZAHUKAS WERE EXTINGUISHED AND THE GODS STOOD AT ATTENTION
cv-valid-dev/sample-003688.mp3,an huge hole had been made by the impact of the projectile,1,0,,,,4.7,ANUSUAL HAVE BEEN MADE BY THE IMPACT OF THE PROJECTILE
cv-valid-dev/sample-003689.mp3,we don't have to give up our club,2,0,,,,2.5,WE DON'T HAVE TO GIVE UP OUR CLUB
cv-valid-dev/sample-003690.mp3,another person was there to help him toward his destiny,2,0,,,,4.2,ANOTHER PERSON WAS THERE TO HELP HIM TOWARDS HIS DESTINY
cv-valid-dev/sample-003691.mp3,the charcoal burned away to white ash,1,0,thirties,male,us,4.1,THE CHARCOAL BURNED AWAY TO WHITE ASH
cv-valid-dev/sample-003692.mp3,he stood irresolute for a moment and then scrambled out of the pit,4,0,thirties,male,canada,5.4,HE STOOD IRRESOLUTE FOR A MOMENT AND THEN SCRAMBLED OUT OF THE PIT
cv-valid-dev/sample-003693.mp3,you can't see the planet with the naked eye,1,0,twenties,male,us,3.6,YOU CAN'T SEE THE PLANET WITH THE NAKED EYE
cv-valid-dev/sample-003694.mp3,he should have decided to become a shepherd the boy said,2,0,,,,5.0,HE SHOULD HAVE DECIDED TO BECOME A SHEPHERD THE BOY SAID
cv-valid-dev/sample-003695.mp3,she keeps saying that she has no regrets about moving back home but im not sure if its entirely true,2,0,,,,7.1,SHE KEEPS SAYING THAT SHE HAS NO REGRETS ABOUT MOVING BACK HOME BUT I'M NOT SURE IF IT'S ENTIRELY TRUE
cv-valid-dev/sample-003696.mp3,don't they usually keep the gun on the floor,1,0,thirties,male,scotland,3.0,DON' THEY USUALLY KEEP THE GUN ON THE FLOOR
cv-valid-dev/sample-003697.mp3,i'm afraid she'd feel ashamed to think she hadn't trusted you,2,1,,,,12.2,I'M AFRAID SHE'D FEEL ASHAMED TO THINK SHE HADN'T TRUSTED YOU
cv-valid-dev/sample-003698.mp3,many people in berkshire surrey and middlesex must have seen it,4,1,teens,male,us,5.0,MANY PEOPLE IN BERKSHIRE SURREY AND MIDDLESEX MUST HAVE SEEN IT
cv-valid-dev/sample-003699.mp3,the omens will begin insistently to speak of it and you'll try to ignore them,3,0,,,,5.6,THE OMENS WILL BEGIN INSISTENTLY TO SPEAK OF IT AND YOU'LL TRY TO IGNORE THEM
cv-valid-dev/sample-003700.mp3,there were just drawings coded instructions and obscure texts,3,0,twenties,male,,4.7,THERE WERE JUST DRAWINGS CODED INSTRUCTIONS AND OBSCURE TEXTS
cv-valid-dev/sample-003701.mp3,come into the office a minute,1,0,,,,2.8,COME INTO THE OFFICE A MINUTE
cv-valid-dev/sample-003702.mp3,it's got to be somewhere,1,0,,,,2.4,IT'S GOT TO BE SOMEWHERE
cv-valid-dev/sample-003703.mp3,frank was dying so they were forced to leave him,1,0,twenties,female,england,4.5,FRANK WAS GNIGHING SO THEY WERE FORCED TO LEAVE HIM
cv-valid-dev/sample-003704.mp3,you are wise because you observe everything from a distance the boy said,1,0,,,,4.7,YOU ARE WISE BECAUSE YOU OBSERVE EVERYTHING FROM A DISTANCE THE BOY SAID
cv-valid-dev/sample-003705.mp3,there's one that says 'everything that happens once can never happen again,4,0,,,,4.2,THERE IS ONE THAT SAYS EVERYTHING THAT HAPPENS ONCE CAN NEVER HAPPEN AGAIN
cv-valid-dev/sample-003706.mp3,most of them were staring quietly at the big table,1,0,,,,3.8,MOST OF THEM WERE STARING QUIETLY AT THE BEGTI OF I
cv-valid-dev/sample-003707.mp3,looking down at the spoon he held the boy saw that the oil was gone,1,0,,,,6.5,LOOKING DOWN AT THE SPOON HE HELD THE BOY SAW THAT THE OIL WAS GONE
cv-valid-dev/sample-003708.mp3,thousands of workers commute from the surroundings into the city each day,1,0,,,,4.6,THOUSANDS OF WORKERS COMMUTE FROM THE SURROUNDINGS INTO THE CITY EACH DAY
cv-valid-dev/sample-003709.mp3,the boy didn't say anything,2,0,,,,2.8,THE BOY DIDN'T SAY ANYTHING
cv-valid-dev/sample-003710.mp3,but they were not there,4,0,,,,1.6,BUT THEY WERE NOT DEARE
cv-valid-dev/sample-003711.mp3,so he began to wander through the city and found himself at the gates,2,0,sixties,male,england,4.4,SO HE BEGAN TO WANDER THROUGH THE CITY AND FOUND HIMSELF AT THE GATES
cv-valid-dev/sample-003712.mp3,is much less sensitive to spurious awakenings than the sleep mode,1,0,fourties,male,newzealand,5.7,IS MUCH LESS SENSITIVE TO SPURIOUS AWAKENINGS THAN THE SLEEP MOD
cv-valid-dev/sample-003713.mp3,that's the reason why i came in fourth,3,0,,,,7.0,THAT'S THE REASON WHY I CAME IN FORTH
cv-valid-dev/sample-003714.mp3,once you get into the desert there's no going back said the camel driver,2,0,twenties,male,indian,7.0,WHENCE YOU GET INTO THE DESERT THERE IS NO GOING BACK SAID THE CAMEL DRIVER
cv-valid-dev/sample-003715.mp3,i promised that i would make my own decisions he said to himself,5,0,,,,4.3,I PROMISED THAT I WOULD MAKE MY OWN DECISIONS HE SAID TO HIMSELF
cv-valid-dev/sample-003716.mp3,i have the diet of a kid who found twenty dollars,7,1,,,,4.5,I HAVE A DIET OF A KIFT WHO FOUND TWENTY DOLLARS
cv-valid-dev/sample-003717.mp3,they said nothing else,1,0,,,,2.7,THEY SAID NOTHING ELSE
cv-valid-dev/sample-003718.mp3,he could always go back to being a shepherd,3,0,seventies,male,australia,3.7,HE COULD ALWAYS GO BACK TO BEING A SHEPHERD
cv-valid-dev/sample-003719.mp3,and we had a bite,1,0,,,,1.9,AND WE HAD A BITE
cv-valid-dev/sample-003720.mp3,not even a stick of gum,2,0,,,,2.2,NOT EVEN A STEAK OF GUM
cv-valid-dev/sample-003721.mp3,he knew he was stronger than his friend,7,1,,male,us,2.9,HE KNEW HE WAS STRONGER THAN HIS FRIEND
cv-valid-dev/sample-003722.mp3,the city was still sleeping,3,1,,,,5.1,THE CITY WAS STILL SLEEPING
cv-valid-dev/sample-003723.mp3,that makes sense the alchemist answered,3,0,,,,4.1,THAT MAKES SENSE THE OCHIMIST ANSWER
cv-valid-dev/sample-003724.mp3,the article in the current state is not good enough for publication,1,0,,,,5.7,THE ARTICLE IN THE CURRENT STATE IS NOT GOOD ENOUGH FOR PUBLICATION
cv-valid-dev/sample-003725.mp3,absolutely despicable that gingerbread men are forced to live in houses made of their own flesh,2,0,sixties,female,canada,8.0,ABSOLUTELY DESPICABLE THAT GINGERBRED MEN ARE FORCED TO LIVE IN HOUSES MADE OF THEIR OWN FLESH
cv-valid-dev/sample-003726.mp3,i left her hanging around the american express,1,0,,,,2.7,I LEFT HER HANGING AROUND THE AMERICAN EXPRESS
cv-valid-dev/sample-003727.mp3,this was the strangest of all things that ever came to earth from outer space,4,0,thirties,male,us,5.4,THIS WAS THE STRANGEST OF ALL THINGS THAT EVER CAME TO EARTH FROM OUTER SPACE
cv-valid-dev/sample-003728.mp3,her walls were covered with dark and scary sketches,1,0,fourties,female,england,5.4,HER WALLS WERE COVERED WITH DARK AND SCARY SKETCHES
cv-valid-dev/sample-003729.mp3,here i am between my flock and my treasure the boy thought,2,0,seventies,male,canada,5.9,HERE I AM BETWEEN MY FLOCK AND MY TREASURE THE BOY THOUGHT
cv-valid-dev/sample-003730.mp3,but men began to reject simple things and to write tracts interpretations and philosophical studies,2,0,,,,8.1,BUT MEN BEGAN TO REJECT SIMPLE THINGS AND TO WRITE TRACTS INTERPRETATIONS AND PHILOSOPHICAL STUDIES
cv-valid-dev/sample-003731.mp3,one that will write,1,0,teens,male,indian,2.6,ONE THAT WILL WRITE
cv-valid-dev/sample-003732.mp3,i'm afraid it'll be steve tina,1,0,thirties,male,australia,3.3,I'M AFRAID IT'LL BE STEVETENA
cv-valid-dev/sample-003733.mp3,don't give in to your fears said the alchemist in a strangely gentle voice,2,0,twenties,female,canada,5.3,DON'T GIVE IN TO YOUR FEARS SAID THE ALCHEMIST IN A STRANGELY GENTLE VOICE
cv-valid-dev/sample-003734.mp3,i've got a desk i want moved,2,0,,,,6.0,I'VE GOT A DESK I WANT MOVED
cv-valid-dev/sample-003735.mp3,it was seen early in the morning rushing over eastward,6,1,fourties,female,us,5.0,IT WAS SEEN EARLY IN THE MORNING RUSHING OVER EASTWARD
cv-valid-dev/sample-003736.mp3,i dont mind working from home most of the time but i do miss having coworkers,1,0,,,,7.4,I DON'T MIND WORKING FROM HOME MOST OF DE TIME BUT I DO MISHAVIN COLD WORKERS
cv-valid-dev/sample-003737.mp3,that was the law of hospitality,3,0,,,,3.5,THAT WAS THE LAW OF HOSPITALITY
cv-valid-dev/sample-003738.mp3,the boy wanted to believe that his friend had simply become separated from him by accident,3,0,,,,8.0,THE BOY WANTED TO BELIEVE THAT HIS FRIEND HAD SIMPLY BECOME SEPARATED FROM HIM BY ACCIDENT
cv-valid-dev/sample-003739.mp3,did you see the garden that it took the master gardener ten years to create,3,0,fifties,male,us,5.4,DID YOU SEE THE GARDEN THAT IT TOOK THE MASTER GARDENER TEN YEARS TO CREATE
cv-valid-dev/sample-003740.mp3,he didn't seduce her with his words but with subliminal messages that's the trick,1,0,thirties,male,australia,4.6,HE DIDN'T SUDU SO WITH HIS WORDS BUT WITH SUBLIMINAL MESSAGES THAT'S THE TRICK
cv-valid-dev/sample-003741.mp3,a line of flame high can be seen in the atmosphere,3,0,,,,4.5,A LINE OF FLAME HIGH CAN BE SEEN IN THE ATMOSPHERE
cv-valid-dev/sample-003742.mp3,i'm coming fatima he said,2,1,sixties,female,england,2.8,I'M COMING FATIMER HE SAID
cv-valid-dev/sample-003743.mp3,i want to get back to my sheep faster,1,0,thirties,male,,4.9,I WANT TO GET BACK TO MY SHEEP FASTER
cv-valid-dev/sample-003744.mp3,we are part of that soul so we rarely recognize that it is working for us,1,0,,,,5.7,WE ARE PART OF THAT SOUL SO WE RARELY RECOGNIZE THAT IT IS WORKING FOR US
cv-valid-dev/sample-003745.mp3,and there you were in bed,1,0,,,,4.0,AND THERE YOU WERE IN BED
cv-valid-dev/sample-003746.mp3,air was either entering or escaping at the rim with a thin sizzling sound,1,0,,,,4.1,AIRE WAS EITHER ENTERING OR ESCAPING AT THE RIM WITH A THIN SIZZLING SOUND
cv-valid-dev/sample-003747.mp3,the boy looked around for the ovens and other apparatus used in alchemy but saw none,2,1,twenties,male,australia,6.3,THE BOY LOOKED AROUND FOR THE OVENS AND OTHER APPARATUS USED IN ALCEMY TUT SONAN
cv-valid-dev/sample-003748.mp3,suppose there was a shane york and he walked into this office,2,0,twenties,male,england,4.1,SUPPOSE THERE WAS A SHE IN YARK WHEN HE WALKED INTO THIS OFFICE
cv-valid-dev/sample-003749.mp3,he wrapped the twigs in a piece of cloth and put them back in his bag,3,0,,,,4.9,HE WRAMMED THE DWIGS IN A PIECE OF PLOT AND PUGHT THEM BACK IN HIS BAK
cv-valid-dev/sample-003750.mp3,hires two personal trainers and make one of them train the other one,5,1,,,,3.8,HIGH SUPERSITAL TRAINERS AND MAKE ONE OF HEM TRAIN THE OTHER ONE
cv-valid-dev/sample-003751.mp3,i haven't won my wings yet,1,0,twenties,other,us,3.1,I HAVEN'T WANT MY WINGS YET
cv-valid-dev/sample-003752.mp3,i think you're a great guy,1,0,fifties,male,england,2.9,I THINK YOU'RE A GREAT GU
cv-valid-dev/sample-003753.mp3,what's this the end of the eighth,2,0,fifties,male,,3.3,WHAT'S THIS THE END OF D EIGH
cv-valid-dev/sample-003754.mp3,the boy was embarrassed and confessed that he had observed nothing,1,0,,,,5.3,THE BOY WAS EMBARRASSED AND CONFESSED THAT HE HAD OBSERVED NOTHING
cv-valid-dev/sample-003755.mp3,and above all don't forget to follow your destiny through to its conclusion,2,0,twenties,male,us,5.1,AND ABOVE ALL DON'T FORGET TO FOLLOW YOUR DESTINY THROUGH TO ITS CONCLUSION
cv-valid-dev/sample-003756.mp3,had our instruments permitted it we might have been able to see the trouble way back when,3,0,twenties,male,england,6.2,HAD OUR INSTRUMENTS PERMITTED IT WE MIGHT HAVE BEEN ABLE TO SEE THE TROUBLE WAY BACK WHEN
cv-valid-dev/sample-003757.mp3,i don't know how to turn them into reality,1,0,,,,3.3,I DON'T KNOW HOW TO TURN THEM INTO REALITY
cv-valid-dev/sample-003758.mp3,he started to read the book he had bought,1,0,,,,4.3,HE STARTED TO READ THE BOOK HE HAD BROUGHT
cv-valid-dev/sample-003759.mp3,where are we going,2,0,twenties,male,,2.1,WHERE ARE WE GOING
cv-valid-dev/sample-003760.mp3,for every ten dead men among our enemies you will receive a piece of gold,6,1,,,,5.4,FOR EVERY TEN MEN DEAD AMONG YOUR ENEMIES YOU'LL RECEIVE A PIECE OF GOLD
cv-valid-dev/sample-003761.mp3,he didn't need to seek out the old woman for this,3,0,twenties,male,,4.3,HE DIDN'T NEED TO SEEK OUT THE OLD WOMAN FOR THIS
cv-valid-dev/sample-003762.mp3,from there he could see africa in the distance,3,0,,,,3.9,FROM THERE HE COULD SEE AFRICA IN THE DISTANCE
cv-valid-dev/sample-003763.mp3,i dont mind working from home most of the time but i do miss having coworkers,1,0,,,,7.1,I DON'T MIND WORKING FOR HOME MOST OF THE TIME BUT I DOOM MISHAVING CO WORKERS
cv-valid-dev/sample-003764.mp3,so you know about love the boy said,3,0,seventies,male,australia,4.1,SO YE NO BAD LOVE THE BOY SAID
cv-valid-dev/sample-003765.mp3,once you get familiar with it you will want to use it for everything,2,0,,,,6.6,ONCE YOU GET FAMILIAR WITH IT YOU WILL WANT TO USE IT FOR EVERYTHING
cv-valid-dev/sample-003766.mp3,the thought was so dreadful to him that he forgot about the heat and went forward,9,0,,,,6.5,THE THOUGHT WAS SO DREADFUL TO HIM THAT HE FORGOT ABOUT THE HEAT AND WENT FORWARD
cv-valid-dev/sample-003767.mp3,to nourish the falcon,2,1,,,,4.1,TO NOURISH THE FALCON
cv-valid-dev/sample-003768.mp3,i locked eyes with a fish in the tank,10,1,,,,2.7,I LOCKED EYES WITH A FISH IN THE TANK
cv-valid-dev/sample-003769.mp3,i want to see him do it said the chief,3,0,,,,4.1,I WANT TO SEE HIM DO IT SAID THE CHIEF
cv-valid-dev/sample-003770.mp3,but bakers are more important people than shepherds,3,0,teens,female,us,3.9,BUT BAKERS ARE MORE IMPORTANT PEOPLE THAN SHEPHERDS
cv-valid-dev/sample-003771.mp3,i went stretching my legs clumsily and feeling my way in the dark,8,0,thirties,male,african,6.5,I WENT STRETCHING MY LEGS CLUMSILY AND FEELING MY WAY IN THE DARK
cv-valid-dev/sample-003772.mp3,you have developed a serious case of pneumonia,2,0,thirties,male,,3.7,YOU HAVE GIVEN UP A SERIOUS CASE OFF MY ONE YOUN
cv-valid-dev/sample-003773.mp3,but the tradition also says that we should believe the messages of the desert,2,1,,,,6.4,BUT THE TRADITION ALSO SAYS THAT WE SHOULD BELIEVE THE MESSAGES OF THE DESERTS
cv-valid-dev/sample-003774.mp3,in alchemy it's called the soul of the world,2,1,,,,6.7,IN I CANY IT'S CALLED THE SOUL OF THE WORLD
cv-valid-dev/sample-003775.mp3,hundreds must have seen it and taken it for a falling star,2,1,,,,5.7,HUNDREDS MUST HAVE SEEN IT AND TAKEN IT FOR A FALLING STAR
cv-valid-dev/sample-003776.mp3,he watched the hawks as they drifted on the wind,3,0,,,,3.1,HE WATCHED THE HAWKS AS THEY DRIFTED ON THE WINDS
cv-valid-dev/sample-003777.mp3,gold would lose its value,3,0,,,,3.3,GOLD WILL LOSE ITS VEIL
cv-valid-dev/sample-003778.mp3,we'll leave tomorrow before sunrise was the alchemist's only response,6,2,twenties,male,us,4.9,WEL LIVE TAMARROW BEFORE SUNRISE WAS THE ALTHEMIST ON EVERY SPON
cv-valid-dev/sample-003779.mp3,he had not a cent in his pocket but he had faith,3,0,,,,5.1,HE HAD NOT A CENT IN HIS POCKET BUT HE HAD FAITH
cv-valid-dev/sample-003780.mp3,the englishman had several suitcases filled with books,2,1,,,,4.2,THE ENGLISHMAN HAD SEVEN SUIT CASE FILLED WITH BOOKS
cv-valid-dev/sample-003781.mp3,but horses tire bit by bit,4,0,fourties,male,us,2.4,BUT HORSES TIRED BIT BY BIT
cv-valid-dev/sample-003782.mp3,they began to ride out over the sands with the moon lighting their way,8,0,fifties,male,us,5.2,THEY BEGAN TO RIDE OUT OVER THE SANDS WITH THE MOON LIGHTING THEIR WAY
cv-valid-dev/sample-003783.mp3,just one more try,1,0,twenties,female,australia,2.0,JUST ONE MORE TRY
cv-valid-dev/sample-003784.mp3,he won't leave the circle,3,0,,,,2.3,HE WON'T LEAVE THE CIRCLE
cv-valid-dev/sample-003785.mp3,love is the falcon's flight over your sands,2,0,,,,4.8,LOVE IS THE FALCIN'S FLIGHT OVER YOUR SONS
cv-valid-dev/sample-003786.mp3,lots of shepherds passed through selling their wool,1,0,,,,4.9,LOTS OF SHEPHERDS PASSED THROUGH SELLING THEIR WOOL
cv-valid-dev/sample-003787.mp3,our merchants bought that man and brought him to egypt,2,1,,,,3.3,OUR MERCHANTS BOUGHT THAT MAN AND BROUGHT HIM TO EGYPT
cv-valid-dev/sample-003788.mp3,it spoke of journeys discoveries books and change,1,0,,,,6.2,IT SPOKE OF JOURNEYS DISCOVERIES BOOKS AND CHANGE
cv-valid-dev/sample-003789.mp3,i almost dropped him,1,0,twenties,male,england,2.3,I ALMOST DROPPED HIM
cv-valid-dev/sample-003790.mp3,the accommodation was affordable and cosy,1,0,twenties,male,us,4.2,THE ACCOMMODATION WAS AFFORDABLE AND COSY
cv-valid-dev/sample-003791.mp3,so his heart was quiet for an entire afternoon,1,0,,,,3.5,SO HIS HEART WAS QUIET FOR AN ENTIRE AFTERNOON
cv-valid-dev/sample-003792.mp3,the river babbled inanely to itself,1,0,fourties,male,us,3.2,THE RIVER BABBLED NAMELY TO ITSELF
cv-valid-dev/sample-003793.mp3,the airplane rose gracefully into the sky,2,0,teens,male,us,3.5,THE AIROPLANE ROSE GRACEFULLY INTO THE SKY
cv-valid-dev/sample-003794.mp3,hundreds must have seen it and taken it for a falling star,4,0,,,,12.0,HUNDREDS MUST HAVE SEEN IT AND TAKEN IT FOR A FALLING STAR
cv-valid-dev/sample-003795.mp3,the level ground was blackened as far as one could see and it was still giving off smoke,3,0,twenties,female,us,8.9,THE LEVEL GROUND WAS BLACKENED AS FAR AS ONE COULD SEE AND IT WAS STILL GIVING OFF SMOKE
cv-valid-dev/sample-003796.mp3,but would you mind telling me who goes out,1,0,fifties,female,australia,4.5,BUT WOULD YOU MIND TELLING ME WHO GO OUT
cv-valid-dev/sample-003797.mp3,throughout the night the boy dug at the place he had chosen but found nothing,1,0,,,,5.3,THROUGHOUT THE NIGHT THE BOY DUG AT THE PLACE HE HAD CHOSEN BUT FOUND
cv-valid-dev/sample-003798.mp3,she has chipped a fingernail,1,0,,,,2.9,SHE HAS CHIPPED A FINGER NEEL
cv-valid-dev/sample-003799.mp3,get a load of this,1,0,teens,male,us,1.9,GET A LOAD OF THIS
cv-valid-dev/sample-003800.mp3,without such love one's dreams would have no meaning,4,0,twenties,male,indian,4.1,WITHOUT SUCH LOVE ONE'S DREAM WOULD HAVE NO MEANING
cv-valid-dev/sample-003801.mp3,drawing from my own experience as a learner of english and german i value engaging activities that involve everyday conversation,2,0,,,,10.6,DRAWING FROM MY OWN EXPERIENCE AS A LEARNER OF ENGLISH AND GERMAN I VALUE ENGAGING ACTIVITIES THAT INVOLVE EVERYDAY CONVERSATION
cv-valid-dev/sample-003802.mp3,wouldn't do any good,1,0,seventies,male,england,2.8,WOULDN'T DO ANY GOOD
cv-valid-dev/sample-003803.mp3,i thought sure you'd remember me,2,0,fifties,female,us,2.6,I THOUGHT SURE YOU'D REMEMBER ME
cv-valid-dev/sample-003804.mp3,he decanted the wine and began to recount the disturbing story he had been told,1,0,twenties,female,us,4.3,HE DECANTED THE WINE AND BEGAN TO RECOUNT THE DISTURBING STORY HE HAD BEEN TOLD
cv-valid-dev/sample-003805.mp3,you may kiss my hand,1,0,twenties,male,,3.9,YOU MAY KISS MY HAND
cv-valid-dev/sample-003806.mp3,as the sun rose the men began to beat the boy,2,0,,,,4.1,AS THE SAN ROSE THE MAN BEGAN TO BEAT THE BOY
cv-valid-dev/sample-003807.mp3,the girl dropped the container and the water spilled,3,0,,,,4.9,THE GIRL DROPPED THE CONTINE AND THE WARDAS BUILD
cv-valid-dev/sample-003808.mp3,i had to test your courage the stranger said,1,0,twenties,female,england,3.1,I HAD TO TEST YOUR COURAGE THE STRANGER SAID
cv-valid-dev/sample-003809.mp3,where'd you get it,3,0,,,,2.2,WHERE DO YOU GET IT
cv-valid-dev/sample-003810.mp3,the world speaks many languages the boy thought,2,0,,,,6.6,THE WORLD SPEAKS MANY LANGUAGES THE BOY THOUGHT
cv-valid-dev/sample-003811.mp3,i just don't trust anyone who says they've never had hamburger helper,3,1,,,,6.8,I JUST DON'T TRUST ANY ONE WHO SAYS THEY HAVE NEVER HAD HAMBURG OR HILPER
cv-valid-dev/sample-003812.mp3,you can't believe it's not butter,4,0,,,,2.8,YOU CAN'T BELIEVE IT'S NOT BUTTER
cv-valid-dev/sample-003813.mp3,i'll hang it up,1,0,,,,2.4,I'LL HANG IT UP
cv-valid-dev/sample-003814.mp3,everyone has his or her own way of learning things he said to himself,2,0,fifties,male,australia,7.3,EVERY ONE HAS HIS OR HER ON WAY TO LEARNING THINGS HE SAID TO HIMSELF
cv-valid-dev/sample-003815.mp3,the alchemists spent years in their laboratories observing the fire that purified the metals,2,0,fifties,female,,6.1,THE ALCHEMISTS SPENT YEARS IN THEIR LABORATORIES OBSERVING THE FIRE THAT PURIFIED THE METALS
cv-valid-dev/sample-003816.mp3,hang on for a second,1,0,thirties,male,england,3.8,HANG ON FOR A SECOND
cv-valid-dev/sample-003817.mp3,two women were still missing when the firefighters arrived,1,0,,,,5.2,TWO WOMEN WERE STILL MISSING WHEN THE FIRE FIGHTERS ARRIVED
cv-valid-dev/sample-003818.mp3,do you know what,1,0,twenties,female,,1.7,DO I KNOW OF WHAT
cv-valid-dev/sample-003819.mp3,hey what do you say,2,0,twenties,male,canada,1.9,EY WHAT DO YOU SAY
cv-valid-dev/sample-003820.mp3,that night there was another jetting out of gas from the distant planet,4,0,thirties,male,ireland,4.7,THAT NIGHT THERE WAS ANOTHER JETTING OUT OF GAS FROM THE DISTANT PLANET
cv-valid-dev/sample-003821.mp3,that's when he'll be safe and not a minute before,2,0,,,,4.1,THAT'S WHEN HE O BE SAFE AND NOT A MINUTE BEFORE
cv-valid-dev/sample-003822.mp3,two days later the merchant spoke to the boy about the display,1,0,,,,4.8,TWO DAYS LATER A MERCHANT SPOKE TO THE BOY ABOUT THE DISPLAY
cv-valid-dev/sample-003823.mp3,i'm hunting with my falcon the alchemist answered,1,0,,,,4.8,I AM HUNTING WITH MY FALCON THE ALCHEMIST ANSWERED
cv-valid-dev/sample-003824.mp3,where's that airlines bag,1,0,,,,4.0,WHERE IS THAT AERLINE'S BAG
cv-valid-dev/sample-003825.mp3,the pink love heart keyring glowed,1,0,twenties,male,canada,3.4,THE PINK LOVE HEART KEARING GLOWED
cv-valid-dev/sample-003826.mp3,ten years at the university and here i am in a corral,2,0,,,,4.7,TEN YEARS AT THE UNIVERSITY AND HERE I AM IN A COREL
cv-valid-dev/sample-003827.mp3,many people in berkshire surrey and middlesex must have seen it,1,0,fourties,male,scotland,4.3,MANY PEOPLE IN BARKSHIRE SURREY AND MIDDLESACKS MUST HAVE SEEN IT
cv-valid-dev/sample-003828.mp3,somebody's going to get hurt,1,0,thirties,female,england,2.3,SOMEBODY'S GOING TO GET HURT
cv-valid-dev/sample-003829.mp3,they formed heaps that are visible a mile and a half away,3,2,,,,4.1,THE FORM OF HEAVE STET OUT OF HIS VOTE AWHILE AND UNLAWFULLY
cv-valid-dev/sample-003830.mp3,the boy was becoming nervous,2,1,,,,3.1,THE BOY WAS BECOMING NERVOUS
cv-valid-dev/sample-003831.mp3,at the first glance it was really not very exciting,1,0,twenties,male,us,3.1,AT THE FIRST GLANCE IT WAS REALLY NOT VERY EXCITING
cv-valid-dev/sample-003832.mp3,something happens here you'll have to remember later on,1,0,twenties,male,us,3.4,SOMETHING HAPPENS HERE YOU'LL HAVE TO REMEMBER LATER ON
cv-valid-dev/sample-003833.mp3,and if it is,2,0,teens,male,canada,2.0,AND IF IT IS
cv-valid-dev/sample-003834.mp3,i found a little crowd of about twenty people surrounding the huge hole,1,0,,,,4.1,I FOUND A LITTLE CROWD OF ABOUT TWENTY PEOPLE SURROUNDING THE HUGE HOLE
cv-valid-dev/sample-003835.mp3,i wanted them to be a part of your inheritance,2,0,,,,3.1,I WANTED THEM TO BE A PART OF YOUR INHERITANCE
cv-valid-dev/sample-003836.mp3,the chair had leather upholstery,1,0,twenties,male,us,2.5,THE CHAIR HAD LEATHER UPHOLSTRY
cv-valid-dev/sample-003837.mp3,any statement on the red uprising tomorrow,1,0,,,,3.4,ANY STATEMENT OF THE RET APRISING TO MORROW
cv-valid-dev/sample-003838.mp3,but the boy was certain that he had been looking at them,3,0,,,,3.3,BUT THE BOY WAS CERTAIN THAT HE HAD BEEN LOOKING AT THE
cv-valid-dev/sample-003839.mp3,i'd like to build a display case for the crystal the boy said to the merchant,2,0,,,,5.1,I'D LIKE TO BUILD A DISPLAY CASE FOR THE CRYSTAL THE BOY SAID TO THE MERCHANT
cv-valid-dev/sample-003840.mp3,the englishman was disappointed,1,0,,,,2.9,THE ENGLISHMAN WAS DISAPPOINTED
cv-valid-dev/sample-003841.mp3,about an hour ago,2,0,,,,4.0,ABOUT AN HOUR AGO
cv-valid-dev/sample-003842.mp3,i got it back,3,0,,,,3.3,I GOT IT BACK
cv-valid-dev/sample-003843.mp3,i have to find a man who knows that universal language,1,0,,,,6.1,I HAVE TO FIND MEN WHO KNOWS THAT UNIVERSAL LANGUAGE
cv-valid-dev/sample-003844.mp3,why the shots stopped after the tenth no one on earth has tried to explain,3,0,,,,6.2,WHY THE SHOTS STOPPED AFTER THE TENTH NO ONE ON EARTH HAS TRIED TO EXPLAIN
cv-valid-dev/sample-003845.mp3,but that's the jail,1,0,,,,1.8,BUT THAT'S THE JAIL
cv-valid-dev/sample-003846.mp3,another dreamer said the ticket seller to his assistant watching the boy walk away,2,0,,,,5.9,MINA DREAMER SAID THE TICKET CELLAR TO HIS ASSISTANT WATTINDEN BOY WALK AWAY
cv-valid-dev/sample-003847.mp3,he paid for the wool and asked the shepherd to come back the following year,1,0,,,,5.2,HE PAID FOR THE WOOL AND ASKED THE SHEPHERD TO COME BACK THE FOLLOWING YEAR
cv-valid-dev/sample-003848.mp3,it's not what enters men's mouths that's evil said the alchemist,3,0,,,,4.8,IT'S NOT WHAT ENTERS MEN'S MOUTHS THAT'S EVIL SAID THE ALCHEMIST
cv-valid-dev/sample-003849.mp3,the following night the boy appeared at the alchemist's tent with a horse,1,0,twenties,female,,4.8,THE FOLLOWING NIGHT THE BOY APPEARED AT THE ALCHEMIST PEN WITH A HORSE
cv-valid-dev/sample-003850.mp3,there was no response from the elders,1,0,,,,3.2,THERE WAS NO RESPONSE FROM THE OTHERS
cv-valid-dev/sample-003851.mp3,i thought the unscrewing might be automatic,3,0,,,,4.6,I THOUGHT THE AUNTSCREWING MIGHT BE AUTOMATIC
cv-valid-dev/sample-003852.mp3,the newspaper articles had prepared everyone for the reception of the idea,1,0,sixties,female,england,5.4,THE NEWSPAPER ARTICLES HAD PREPARED EVERYONE FOR THE RECEPTION OF THE IDEA
cv-valid-dev/sample-003853.mp3,i forgot my hat,2,0,fourties,male,england,2.6,I FORGOT MY HEAD
cv-valid-dev/sample-003854.mp3,what's my name doing on it,1,0,,,,3.1,WHAT'S MY NAME DOING HONOUR
cv-valid-dev/sample-003855.mp3,no one seemed to have thought about it that night,1,0,sixties,female,us,3.4,NO ONE SEEMED TO HAVE THOUGHT ABOUT ATAT T
cv-valid-dev/sample-003856.mp3,i feel sick what should i do,1,0,,,,6.2,I FEEL SICK WHAT SHOULD I DO
cv-valid-dev/sample-003857.mp3,it was just that he couldn't grasp what it meant,2,0,,,,3.1,IT WAS JUST THEN HE COULDN'T GRASP WHAT IT MEANT
cv-valid-dev/sample-003858.mp3,he saw the boy appear from the other side of the dunes,3,0,,,,8.7,HE SAW THE BOY APPEAR FROM THE OTHOR SATE OF THE DUNES
cv-valid-dev/sample-003859.mp3,i'll tell you what i'll do,1,0,,,,3.0,I TELL YOU WHAT I WILL DO
cv-valid-dev/sample-003860.mp3,but she is gone,1,0,,,,2.8,BUT SHE IS GONE
cv-valid-dev/sample-003861.mp3,and they attacked an empty tent,3,0,,,,6.1,AND THEY ATTACKED AN EMPTY TENT
cv-valid-dev/sample-003862.mp3,he was alarmed by what had happened,1,0,,,,3.7,HE WAS ALARMED BY WHAT HAD HAPPENED
cv-valid-dev/sample-003863.mp3,you should have seen the commotion in that locker room,3,0,fourties,male,us,3.1,YOU SHOULD HAVE SEEN THE COMMOTION IN THAT LOCKER ROOM
cv-valid-dev/sample-003864.mp3,i've got a flash for you,3,0,,,,5.3,OUGHT BUT A FLESH FOR YOU
cv-valid-dev/sample-003865.mp3,dusk was falling as the boy arrived with his herd at an abandoned church,2,0,,,,7.7,DUSK WAS FALLING AS THE BOY ARRIVED WITH HIS HERD AT AN UNABANDONED CHURCH
cv-valid-dev/sample-003866.mp3,coach has heard all about you,1,0,seventies,male,us,3.1,COACHHAS HEARD ALL ABOUT YOU
cv-valid-dev/sample-003867.mp3,that's the philosopher's stone and the elixir of life,3,0,twenties,male,african,5.8,THAT'S A PHILOSOPHERS' TONE AND THEILIX ROFLIVE
cv-valid-dev/sample-003868.mp3,why didn't you say something,1,0,,,,6.8,WHY DIDN'T YOU SAY SOMETHING
cv-valid-dev/sample-003869.mp3,revenge is not my style but obviously accidents will happen,2,0,,,,4.2,REVENGE IS NOT MY STYLE BUT OBVIOUSLY ACCIDENT WILL HAPPEN
cv-valid-dev/sample-003870.mp3,the thing itself was almost entirely buried in sand,8,2,,,,4.3,THE THING ITSELF WAS ALMOST ENTIRELY BURIED IN SAND
cv-valid-dev/sample-003871.mp3,in those days very few of the people had any idea about astronomy,3,1,,,,12.4,IN THOSE DAYS VERY FEW OF THE PEOPLE HAD ANY IDEA ABOUT ASTRONOMY
cv-valid-dev/sample-003872.mp3,give me precise instructions how to decontaminate the trooper,1,0,,,,6.3,GIVING PRECISE INSTRUCTIONS HOW TO CONTAMINATE THE TROOPER
cv-valid-dev/sample-003873.mp3,the boy looked around for the ovens and other apparatus used in alchemy but saw none,1,0,fourties,male,us,7.2,THE BOY LOOKED AROUND FOR THE OVENS AND OTHER APPARATUS USED IN ALCHYMY BUT SAW NONE
cv-valid-dev/sample-003874.mp3,you've got something on your mind,1,0,,,,3.6,YOU'VE GOT SOMETHING ON YOUR MIND
cv-valid-dev/sample-003875.mp3,the old man wore a breastplate of heavy gold covered with precious stones,4,1,,,,5.6,THE OLD MAN WORE A BREASTPLATE OF HEAVY GOLD COVERED WITH PRECIOUS STONES
cv-valid-dev/sample-003876.mp3,it may be the gases of the firing that caused the martians inconvenience,3,0,fourties,female,england,5.9,IT MAY BE THE GUASES OF THE FIRIN THAT CAUSED THE MARTIAN'S INCONVENIENCE
cv-valid-dev/sample-003877.mp3,then she got out through the skylight,2,0,thirties,male,ireland,3.5,THEN SHE GOT OUT THROUGH THE SKYLIGHT
cv-valid-dev/sample-003878.mp3,and now i don't know where my father is,2,0,twenties,female,,3.4,AND NOW I DON'T KNOW WHERE MY FATHER IS
cv-valid-dev/sample-003879.mp3,that's all i ask,4,0,,,,1.4,THAT'S ALL I ASK
cv-valid-dev/sample-003880.mp3,do you know him,2,0,,,,1.4,DO YOU KNOW HIM
cv-valid-dev/sample-003881.mp3,and then he perceived it very slowly,2,0,thirties,male,us,2.8,AND THEN HE PERCEIVED IT VERY SLOWLY
cv-valid-dev/sample-003882.mp3,and i will be the policeman,1,0,twenties,male,,2.4,AN I WILL BE THE POLICEMAN
cv-valid-dev/sample-003883.mp3,don't you push me around like that,1,0,,,,2.6,DON'T YOU PUSH ME AROUND LIKE THAT
cv-valid-dev/sample-003884.mp3,the boy went to look for the englishman,2,0,,,,5.2,THE BOY WENT TO LOOK FOR THE ENGLISHMAN
cv-valid-dev/sample-003885.mp3,the sheep will get used to my not being there too the boy thought,2,1,,,,6.4,THE SHIP WILL GET USED TO MY NOT BEING THERE TOO THE BOY THOUGHT
cv-valid-dev/sample-003886.mp3,it brought his heart into his mouth,4,0,,,,3.7,IT BROUGHT HIS HEART INTO HIS MOUTH
cv-valid-dev/sample-003887.mp3,i was expecting you,2,0,fourties,female,us,2.2,I WAS EXPECTING YOU
cv-valid-dev/sample-003888.mp3,they mounted their horses,1,0,fourties,male,us,3.0,THEY MOUNTED THEIR HORSES
cv-valid-dev/sample-003889.mp3,the descent was disturbingly steep,2,0,,,,2.6,THE DESCENT WAS DISTURBINGLY STEEP
cv-valid-dev/sample-003890.mp3,what's the matter with you two guys,1,0,sixties,male,england,3.1,WHAT'S THE MATTER WITH YOU TWO GUISE
cv-valid-dev/sample-003891.mp3,what would you say about that,1,0,twenties,male,,2.3,WHAT WOULD YOU SAY ABOUT THAT
cv-valid-dev/sample-003892.mp3,that was a little girl named mary hatch,1,0,,,,4.1,THAT WAS A LITTLE GIRL NAMED MARY HATCH
cv-valid-dev/sample-003893.mp3,she sat on the floor drinking her coffee,1,0,twenties,male,,3.2,SHE SAT ON THE FLOOR DRINKING HER COFFEE
cv-valid-dev/sample-003894.mp3,and they had understood each other perfectly well,2,0,,,,10.9,AND THEY HAD UNDERSTOOD EACH OTHER PERFECTLY WELL
cv-valid-dev/sample-003895.mp3,she knows that men have to go away in order to return,3,0,,,,4.1,SHE KNOWS THAT MEN HAVE TO GO AWAY IN ORDER TO RETURN
cv-valid-dev/sample-003896.mp3,ogilvy told him everything that he had seen,6,0,,,,3.2,OR GILBERT TOLD HIM EVERYTHING THAT HE HAD SEEN
cv-valid-dev/sample-003897.mp3,we've still got two bucks left,1,0,,,,2.4,WE'VE STILL GOT TWO BACKS LEFT
cv-valid-dev/sample-003898.mp3,thank you very much,1,0,twenties,male,us,2.1,THANK YOU VERY MUCH
cv-valid-dev/sample-003899.mp3,you'll ask me to what,1,0,twenties,male,england,2.3,YOU'LL ASK ME TO WHAT
cv-valid-dev/sample-003900.mp3,they looked for the fallen mass but found nothing,4,0,twenties,female,bermuda,3.8,THEY LOOKED FOR THE FALLEN MASS BUT FOUND NOTHING
cv-valid-dev/sample-003901.mp3,apparently it's the dumplings that make this stew taste so good,1,0,,,,3.0,APPARENTLY IS THE DUMPLINGS THAT MAKE THIS DUE TASTE SO GOOD
cv-valid-dev/sample-003902.mp3,but arms cannot be drawn unless they also go into battle,1,0,,,,7.6,BUT ARMS CANNOT BE DRAWN UNLESS THEY ALSO GO INTO BATTLE
cv-valid-dev/sample-003903.mp3,she's accused of stealing a watch,3,0,,,,3.3,SHE'S ACCUSED OF STEALING A WATCH
cv-valid-dev/sample-003904.mp3,the boy looked out at the horizon,3,0,,,,2.6,THE BOY LOOKED OUT AT THE HORIZON
cv-valid-dev/sample-003905.mp3,we don't have to give up our club,2,1,twenties,male,us,2.6,WE DON'T HAVE TO GIVE UP OUR CLUB
cv-valid-dev/sample-003906.mp3,from then on he would make his own decisions,4,0,,,,4.3,FROM THEN ON HE WOULD MAKE ASON DECISIONS
cv-valid-dev/sample-003907.mp3,he must be disguised to avoid encounters with thieves,3,0,thirties,female,canada,4.7,HE MUST BE DISGUISED TO AVOID ENCOUNTERS WITH THIEVES
cv-valid-dev/sample-003908.mp3,his hands were abraded and exhausted but he listened to his heart,2,0,,,,7.2,HIS HANDS WERE UPRAIDED AND EXHAUSTED BUT HE LISTENED TO HIS HOROT
cv-valid-dev/sample-003909.mp3,this was the strangest of all things that ever came to earth from outer space,5,0,,,,5.5,THIS WAS THE STRANGEST OF ALL THINGS THAT EVER CAME TO HER FROM OUTER SPACE
cv-valid-dev/sample-003910.mp3,and because the tribes declared war i went to the well seeking the alchemist,3,0,,,,6.0,AND BECAUSE THE TRIBES DECLARED WAR I WENT TO THE WELL SEEKING THE ALCHEMIST
cv-valid-dev/sample-003911.mp3,they jumped out of the window,1,0,,,,2.5,THEY JUMPED OUT OF THE WINDOW
cv-valid-dev/sample-003912.mp3,foot pedals are another alternative to voice commands,1,0,,,,7.9,FOOTPEDALS ARE ANOTHER ALTERNATIVE TO VOICE COMMANDS
cv-valid-dev/sample-003913.mp3,the boy's heart began to speak of fear,1,0,,,,9.4,THE BOY'S HEART BEGAN TO SPEAK OF FEER
cv-valid-dev/sample-003914.mp3,but the king of salem hoped desperately that the boy would be successful,5,1,,,,4.9,BUT THE KING OF SALAM HOPED DESPERATELY THAT THE BOY WOULD BE SUCCESSFUL
cv-valid-dev/sample-003915.mp3,another trick the boy thought,3,0,,,,3.5,ANOTHER TRICK THE BOY THOUGHT
cv-valid-dev/sample-003916.mp3,an huge hole had been made by the impact of the projectile,30,15,,,,18.6,AN HUGE HOL BAT BEEN MADE BY THE IMPACT OF THE PURJETAE A HUGE HOLE HAD BEEN MADE BY THE IMPACT OF THE PURJECTA
cv-valid-dev/sample-003917.mp3,when the blinding dust had settled a bit the boy trembled at what he saw,1,0,,,,6.7,WHEN THE BLINDING DUST HAD SETTLED A BIT THE BOY TREMBLED AT WHAT HE SAW
cv-valid-dev/sample-003918.mp3,the secret is here in the present,1,0,,,,4.9,THE SECRET IS HERE IN THE PRESENT
cv-valid-dev/sample-003919.mp3,she thought it might be a cheap copy but she didnt want to know,1,0,,,,6.8,SHE THOUGHT IT MIGHT BE A CHEAP COPY BUT SHE DIDN'T WANT TO KNOW
cv-valid-dev/sample-003920.mp3,i'm looking for a treasure said the boy and he immediately regretted having said it,1,0,fifties,male,us,6.3,I AM LOOKING FOR A TREASURE SAID THE BOY AND HE IMMEDIATELY REGRETTED HAVING SAID IT
cv-valid-dev/sample-003921.mp3,i'd know that voice anywhere,1,0,twenties,male,,2.5,I'DN'T KNOW THAT VOICE ANYWHERE
cv-valid-dev/sample-003922.mp3,they could barely see the boy,1,0,,,,3.1,THEY COULD BARELY SEE THE BOY
cv-valid-dev/sample-003923.mp3,they set off running wildly into the trees,4,0,fourties,male,us,2.8,THEY SET OFF RUNNING WILDLY INTO THE TREES
cv-valid-dev/sample-003924.mp3,but instead of being saddened he was happy,2,0,,,,3.3,BUT INSTEAD OF BEING SADDENED HE WAS HAPPY
cv-valid-dev/sample-003925.mp3,other servants maintained the fires in the hookahs,1,0,seventies,male,australia,4.4,OTHER SERVANTS MAINTAINED THE FIRES IN THE HOOKAS
cv-valid-dev/sample-003926.mp3,what is my function,1,0,,,,5.6,WHAR IS MY FUNCTION
cv-valid-dev/sample-003927.mp3,if you pay attention to the present you can improve upon it,3,0,,,,4.3,IF YOU PAY ATTENTION TO THE PRESENT YOU CAN IMPROVE UPON IT
cv-valid-dev/sample-003928.mp3,next you'll want to enumerate tabs so you can quickly jump between them,1,0,fourties,male,us,4.6,NEXT YOU WANT TO ENUMERATE PABS SO YOU CAN QUICKLY JUMP BETWEEN THEM
cv-valid-dev/sample-003929.mp3,and you've told me nothing along the way said the boy,1,0,,,,4.0,AND YO'VE TOLD ME NOTHING ALONG THE WAY SAID THE BOY
cv-valid-dev/sample-003930.mp3,it's a private club for only the most respectable people,1,0,,,,6.1,IT'S A PRIVATE COB OLD ONLY THE MOST DISCRACABN PEOPLE
cv-valid-dev/sample-003931.mp3,he was going to miss the place and all the good things he had learned,1,0,,,,3.3,HE WAS GOING TO MISS THE PLACE AND ALL THE GOOD THINGS HE HAD LEARNED
cv-valid-dev/sample-003932.mp3,disregard my last statement,1,0,,,,2.1,THIS REGARD MELA'S STATEMENT
cv-valid-dev/sample-003933.mp3,he restarted his efforts for the twentieth time,2,0,fifties,female,us,4.2,HE RESTARTED HIS EFFORTS FOR THE TWENTIETH TIME
cv-valid-dev/sample-003934.mp3,in those days very few of the people had any idea about astronomy,2,1,,,,4.7,IN THOSE DAYS VERY FEW OF THE PEOPLE AT ANY IDEA ABOUT GASTEMANA
cv-valid-dev/sample-003935.mp3,it looked like a rusty gas float,3,0,,,,3.9,IT LOOKED LIKE A RUSTY GAS FLOAT
cv-valid-dev/sample-003936.mp3,the newspaper articles had prepared everyone for the reception of the idea,3,0,,,,5.9,THE NEWSPAPER ARTICLES HAD PREPARED EVERYONE FOR THE RECEPTION OF THE IDEA
cv-valid-dev/sample-003937.mp3,but the marketplace was empty and he was far from home so he wept,3,0,fifties,male,australia,4.8,BUT THE MARKET PLESH WAS EMPTY AND HE WAS FAR FROM HIREND SO HE WHIPPED
cv-valid-dev/sample-003938.mp3,the shower's in there,2,0,,,,2.2,THE SHOWERS IN THERE
cv-valid-dev/sample-003939.mp3,and don't forget the language of omens,1,0,sixties,male,england,4.3,AND DON'T FORGET THE LANGUAGE OF OMENS
cv-valid-dev/sample-003940.mp3,most meteorites are more or less rounded,2,0,sixties,female,us,4.5,MOST METEORITES ARE MORE OR LESS ROUNDED
cv-valid-dev/sample-003941.mp3,i wonder what's eating that old money grubbing buzzard anyway,1,0,teens,female,canada,4.2,I WONDER WHAT'S EATING THAT OLD MUNNEY GRUBBING BUZZARD ANYWAY
cv-valid-dev/sample-003942.mp3,i'm trying to explain to my mother how to get pictures off her phone,3,1,,,,4.4,I'M TRYING TO EXPLAIN TO MY MOTHER HOW TO GET PICTURES OF HER FORM
cv-valid-dev/sample-003943.mp3,i'm dying for what i believe,1,0,,,,3.0,I'M DYING FOR WHAT I BELIEVE
cv-valid-dev/sample-003944.mp3,get a load of this,2,0,,,,1.5,GET A LOAD OF THIS
cv-valid-dev/sample-003945.mp3,asymmetric cryptography uses pairs of keys,1,0,twenties,male,england,4.1,A SYMMETRIC CRIPTOGRAPHY USES PEAIRS OF KEYS
cv-valid-dev/sample-003946.mp3,it seemed so safe and tranquil,5,0,,,,4.5,IT SEEMED SO SAFE AND TRANQUIL
cv-valid-dev/sample-003947.mp3,i'm getting out of here and you can't stop me,1,0,sixties,male,ireland,3.3,I'M GETTING OUT OF HERE AND YOU CAN'T STOP ME
cv-valid-dev/sample-003948.mp3,you'd think i was on the witness stand,1,0,thirties,male,england,2.3,YOU THINK IAS ON THE WITNESS STAND
cv-valid-dev/sample-003949.mp3,with a bag of marshmallows,2,0,twenties,male,us,2.0,WITH A BAG OF MARSH MALON
cv-valid-dev/sample-003950.mp3,and he told what he had seen,1,0,,,,3.7,AND HE TOLD WHAT HE HAD SEEN
cv-valid-dev/sample-003951.mp3,if someone isn't what others want them to be the others become angry,3,0,sixties,female,african,5.3,IF SOME ONE ISN'T WHAT OTHERS WANT THEM TO BE THE OTHERS BECOME ANGRY
cv-valid-dev/sample-003952.mp3,the teller didn't have enough change,2,0,sixties,male,england,2.2,THE TENLER DIDN'T HOW ANOG CHAIN
cv-valid-dev/sample-003953.mp3,something bright reflected from his chest with such intensity that the boy was momentarily blinded,2,1,twenties,male,,9.5,SAMSIN BRIGHT REFLECTED FROM HIS CHEST WITH SUCH INTENSITY THAT THE BOY WAS MOMENENE MOMENTARILY BLIND
cv-valid-dev/sample-003954.mp3,i'll be back the boy said,1,0,,,,1.9,I'LL BE BACK THE BOY SAID
cv-valid-dev/sample-003955.mp3,it's not i the wind spoke about,3,0,thirties,male,us,3.4,IT'S NOT I THE WIND SPOKE ABOUT
cv-valid-dev/sample-003956.mp3,there are only eight flags up there now,1,0,,,,7.3,THERE ARE ONLY EIGHT FLAGS UP THERE NOW
cv-valid-dev/sample-003957.mp3,i heard a faint movement under my feet,4,2,,,,5.1,I HEARD A FAINT MOVEMENT UNDER MY FATE
cv-valid-dev/sample-003958.mp3,it spread through the planet's atmosphere and obscured its more familiar features,3,0,,,,5.5,IT SPREAD THROUGH THE PLANET'S ATMOSPHERE AND OBSCURED ITS MORE FOMELLOER FEATURES
cv-valid-dev/sample-003959.mp3,but then i realized she couldn't have been,2,0,fourties,male,us,2.7,BUT THAT I REALIZED SHE COULDN'T HAVE BEEN
cv-valid-dev/sample-003960.mp3,exactly answered the alchemist,1,0,,,,3.6,EXACTLY ANSWERED THE ALCHEMIST
cv-valid-dev/sample-003961.mp3,or a man into the wind,1,0,twenties,female,,2.9,OR A MAN INTO THE WIND
cv-valid-dev/sample-003962.mp3,the boy reminded the old man that he had said something about hidden treasure,2,0,fifties,male,england,7.5,THE BOY REMINDED THE OLD MAN THAT HE HAD SAID SOMETHING ABOUT HIDDEN TREASURE
cv-valid-dev/sample-003963.mp3,no sense in going up there,1,0,,,,3.1,NO SENSE IN GOING UP THERE
cv-valid-dev/sample-003964.mp3,it seemed he had made the long journey for nothing,4,3,,,,5.2,IT SEEMED HE HAD MADE A LONG JOURNEY FOR NOTHING
cv-valid-dev/sample-003965.mp3,its lower end was still embedded,2,0,twenties,female,ireland,2.8,ITS LOWER END WAS STILL EMBEDDED
cv-valid-dev/sample-003966.mp3,other servants maintained the fires in the hookahs,1,0,,,,7.6,THEY HOARD THE SERVANTS MAINTAINED THE FIRE IN THE OCHAS
cv-valid-dev/sample-003967.mp3,after all he had all his money,1,0,,,,2.7,AFTER ALL HE HAD ALL HIS MONEY
cv-valid-dev/sample-003968.mp3,he wanted to forget about the vision and return to his meditation,2,0,twenties,male,us,4.5,HE WANTED TO FORGET WHAT THE VISION AND RETURNED TO HIS MEDITATION
cv-valid-dev/sample-003969.mp3,in spite of this i still believed that there were men in mars,4,0,fourties,male,us,10.6,IN SPITE OF THIS I STILL BELIEVE THAT THERE WERE MEN IN MARS
cv-valid-dev/sample-003970.mp3,creativity is not something exclusive to humans,1,0,,,,3.7,THERE DEAR IT IS SNART SOMETHING EXCLUSE YOUR HUMANS
cv-valid-dev/sample-003971.mp3,i'll return just as your father came back to your mother he said,4,1,thirties,male,us,5.1,I'LL RETURN JUST AS YOUR FATHER CAME BACK TO YOUR MOTHER HE SAID
cv-valid-dev/sample-003972.mp3,then she took both of his hands in hers and began quietly to pray,2,0,,,,6.7,THEN SHE TOOK BOTH OF HIS HANDS IN HERS AND BEGAN QUIETLY TO PLAY
cv-valid-dev/sample-003973.mp3,these trousers don't fit very well,3,0,,,,2.4,THESE TROUSERS DON'T FIT VERY WELL
cv-valid-dev/sample-003974.mp3,but i found it difficult to get to work because of the investigations,1,0,,,,5.7,BUT I FOUND IT DIFFICULT TO GET WORK BECAUSE OF THE INVESTIGATIONS
cv-valid-dev/sample-003975.mp3,it had a diameter of about thirty yards,5,0,fourties,female,england,4.4,IT HAD A DIAMETER OF ABOUT THIRTY YARDS
cv-valid-dev/sample-003976.mp3,after all who doesnt want to overcome new challenges and achieve great heights,1,0,,,,5.0,AFTHER ALL WHO DOESN'T WANT TO OVERCOME NEW CHALLENGES ANDTE CHIEF GREAT HATES
cv-valid-dev/sample-003977.mp3,strong passwords don't have to be hard to remember,2,0,,,,6.1,STRONG PASSWORDS DON'T HAVE TO BE HARD TO REMEMBER
cv-valid-dev/sample-003978.mp3,always ask an objective question,2,0,,,,3.1,ALWAYS ASK AN OBJECTIVE QUESTION
cv-valid-dev/sample-003979.mp3,he wasn't asking for help,1,0,twenties,male,us,2.3,HE WASN'T ASKING FOR HELP
cv-valid-dev/sample-003980.mp3,that's why i'm here,1,0,,,,2.9,THAT'S WHYY I'M HERE
cv-valid-dev/sample-003981.mp3,my wife pointed out to me the brightness of the red green and yellow signal lights,7,0,,,,5.7,MY WIFE POINTED OUT TO ME N THE BRIGHTNESS OF THE RED GREEN AND YELLOW SIGNAL LIGHTS
cv-valid-dev/sample-003982.mp3,the boy smiled and continued digging,2,0,,,,3.5,THE BOY SMILED AND CONTINUED DICKIE
cv-valid-dev/sample-003983.mp3,you can get around very easily by train  which is a very relaxing and affordable way to travel,2,0,,,,7.0,YOU CAN GET AROUND VERY EASILY BY TRAIN WHICH IS A VERY RELAXING AND AFFORDABLE WAY TO TRAVEL
cv-valid-dev/sample-003984.mp3,what kind of a proof is that,1,0,,,,2.1,WHAT KIND OF A PROOF IS THAM
cv-valid-dev/sample-003985.mp3,you mean you don't approve of my having a baby,1,0,,,,4.1,EUMENIA DON'T APPROVE OF MY HAVING A BENY
cv-valid-dev/sample-003986.mp3,it commenced to blow harder raising the desert sands,3,0,,,,4.1,IT COMMENCED TO BLOW HARDER RAISING THE DESERTSANDS
cv-valid-dev/sample-003987.mp3,that guy over there likes to drink a lot talk a lot but do nothing,1,0,thirties,male,england,3.9,DAT GO OVER THERE LACES A DRINKALOR TALK ALOT BUT DO NOTHING
cv-valid-dev/sample-003988.mp3,let's stop this another commander said,1,0,,,,4.1,LET'S STOP THIS AND AZA COMMANDER SAID
cv-valid-dev/sample-003989.mp3,the animals were exhausted and the men talked among themselves less and less,5,0,,,,7.1,THE ANIMALS WERE EXHAUSTED AND THE MEN TALKED AMONG THEMSELVES LESS AND LESS
cv-valid-dev/sample-003990.mp3,you can't believe it's not butter,4,2,,,,2.3,IT CAN'T BELIEVE IT'S NOT BUTTERED
cv-valid-dev/sample-003991.mp3,it seems old and wise,2,1,teens,female,us,2.8,IT SEEMS OLD AND WISE
cv-valid-dev/sample-003992.mp3,the lead had dried into the shape of the pan but it was no longer lead,2,0,,,,4.7,THE LEAD HAD DRIED INTO THE SHAPE OF THE PAN BUT IT WAS NO LONGER LEAD
cv-valid-dev/sample-003993.mp3,he was immensely excited at the news,3,0,,,,8.8,HE WAS IMMENSELY EXCITED AT THE NEWS
cv-valid-dev/sample-003994.mp3,he sat looking at the sky for a long time,5,0,,,,3.4,HE SAT LOOKING AT THE SKY FOR A LONG TIME
cv-valid-dev/sample-003995.mp3,and he wasn't faring much better,4,0,,,,3.0,AND HE WAS UNFAIRY MUCH BETTER
cv-valid-dev/sample-003996.mp3,even then he hardly understood what this meant,12,0,,,,4.0,EVEN THEN HE HARDLY UNDERSTOOD WHAT HIS HEANT
cv-valid-dev/sample-003997.mp3,but i didnt think that it contained any living creature,2,0,,,,7.0,BUT I DIDN'T THINK THAT IT CONTAINED ANY LIVING CREATURE
cv-valid-dev/sample-003998.mp3,now that's too much,1,0,,,,3.0,NOW THAT'S TOO MUCH
cv-valid-dev/sample-003999.mp3,ogilvy watched till one and then gave up,2,1,,,,4.6,OGILEE WATCHED TILL ONE AND THEN GAVE UP
cv-valid-dev/sample-004000.mp3,give her the works,1,0,,,,2.3,GIVE HER THE WORKS
cv-valid-dev/sample-004001.mp3,go through with what,1,0,twenties,male,,3.5,CO THROUGE WITH WHAT
cv-valid-dev/sample-004002.mp3,they looked for the fallen mass but found nothing,6,0,twenties,male,,4.1,THEY LOOKED FOR THE FALLEN MARES BUT FOUND NOTHING
cv-valid-dev/sample-004003.mp3,they set off running wildly into the trees,1,0,fourties,male,us,3.3,THEY SET OFF RUNNING WILDLY INTO THE TREES
cv-valid-dev/sample-004004.mp3,he decided to spend the night there,3,0,thirties,male,,3.3,HE DECIDED TO SPEND THE NIGHT THERE
cv-valid-dev/sample-004005.mp3,they formed heaps that are visible a mile and a half away,8,0,sixties,male,australia,5.6,THEY FORMED HEAPS THAT ARE VISIBLE A MILE AND A HALF AWAY
cv-valid-dev/sample-004006.mp3,i would have won the junior olympics if not for those medaling kids,4,0,,,,4.8,I WOULD HAVE WON THE JUNIORAL INFIXIVE NOT FOR THOSE MEDDLING KIDS
cv-valid-dev/sample-004007.mp3,he wanted to forget about the vision and return to his meditation,4,0,,,,5.3,HE WANDED TO FORGET ABOUT DEVISION AND RETURNED TO HIS MEDITATION
cv-valid-dev/sample-004008.mp3,go into your dance,2,0,fourties,male,,2.1,GO INTO YOUR DANCE
cv-valid-dev/sample-004009.mp3,although searching in binary search trees is efficient you won't find any fruits in there,1,0,fourties,female,us,6.1,ALTHOUGH SERGIN AND BINERY SEARCH TREES AS EFFICIENT YOU WON'T FIND ANY FRUITS IN THERE
cv-valid-dev/sample-004010.mp3,there were raised voicesand some sort of struggle appeared to be going on ,3,2,,,,5.4,THEY WERE RAISED VOICE AND SOME SORT OF STRUGGLE APPEARED TO BE GOING ON
cv-valid-dev/sample-004011.mp3,i had seen all that it would presently bring me,2,0,,,,4.7,I HAD SEEN ALL THAT IT WOULD PRESENTLY BRING ME
cv-valid-dev/sample-004012.mp3,how did you learn to read the girl asked at one point,1,0,,,,4.3,HOW DID YOU LEARN TO READ THE GIRL ASKED AT ONE POINT
cv-valid-dev/sample-004013.mp3,to nourish the falcon,1,0,,,,2.8,TO NOURISH THE FALCON
cv-valid-dev/sample-004014.mp3,they were known as seers and they were held in fear by women and the elderly,1,0,teens,male,england,7.1,DAVEA KNOWN AS SIARS AND DAVA HELD IN FEAR BY WOMEN AND THE ELDERLY
cv-valid-dev/sample-004015.mp3,trying to improve the world by jumping up and down,1,0,eighties,male,australia,4.2,TRYING TO IMPERVE THE WORLD BY JUMPING UP AND DOWN
cv-valid-dev/sample-004016.mp3,mr lee can't be bothered now,2,0,twenties,female,england,2.9,MISTER LEE CAN'T BE BOTHERED NOW
cv-valid-dev/sample-004017.mp3,it must have fallen while i was sitting over there,17,0,twenties,male,us,3.4,IT MUST HAVE FALLEN WHILE I WAS SITTING OVER THERE
cv-valid-dev/sample-004018.mp3,just like an organ,2,0,,,,2.3,JUST LIKE AN ORGAN
cv-valid-dev/sample-004019.mp3,raisins are delicious,3,0,,,,1.9,RAISINGS ARE DELICIOUS
cv-valid-dev/sample-004020.mp3,take good care of him,1,0,,,,2.1,TAKE GOOD CARE OF HIM
cv-valid-dev/sample-004021.mp3,so then try he said to the englishman,3,0,,,,4.3,SO THEN TRY HE SAID TO THE ENGLISHMAN
cv-valid-dev/sample-004022.mp3,the angel touched the man's shoulder and they were both projected far into the future,2,0,,,,7.8,THE ANGEL TOUCHED THE MAN'S SHOULDER AND THEY WERE BOTH PROJECTED FAR INTO THE FUTURE
cv-valid-dev/sample-004023.mp3,you want the moon,1,0,fourties,male,canada,2.2,YOU WANT THE MOON
cv-valid-dev/sample-004024.mp3,lots of places sell tea around here the merchant said,3,0,teens,male,malaysia,4.7,LOTS OF PLACES SELL TEA AROUND HERE THE MERCHANT SAY
cv-valid-dev/sample-004025.mp3,i'm beginning to like this,2,0,,,,3.2,I AM BEGINNING TO LIKE THIS
cv-valid-dev/sample-004026.mp3,but most important he was able every day to live out his dream,2,0,,,,6.8,BUT MOST IMPORTANT HE WAS ABLE EVERY DAY TO LIFT OUT HIS DREAM
cv-valid-dev/sample-004027.mp3,drawing from my own experience as a learner of english and german i value engaging activities that involve everyday conversation,3,0,,,,10.0,RUNG FOM MY OWN EXPERIENCE AS A LOAN OF ENGLISH GERMAN I VOLOU ENGAGING ACTIVITIES THAT INVOLVE EVERY DAY CONVERSATION
cv-valid-dev/sample-004028.mp3,the one in there,1,0,twenties,male,england,2.0,THE ONE IN THERE
cv-valid-dev/sample-004029.mp3,they set off running wildly into the trees,4,0,,,,3.6,THEY SET OFF RUNNING WILDLY INTO THE TREES
cv-valid-dev/sample-004030.mp3,the merchant looked anxiously at the boy,3,0,,,,2.6,THE MERCHANT LOOKED ANXIOUSLY AT THE BOY
cv-valid-dev/sample-004031.mp3,where did he keep his money,2,0,sixties,male,england,3.2,WHERE DID HE KEEP HIS MONEY
cv-valid-dev/sample-004032.mp3,i learned the alchemist's secrets in my travels,3,0,,,,3.7,I LEARNED THE ALCHMIST'S SECRETS IN MY TRAVEL
cv-valid-dev/sample-004033.mp3,as he looked at the stones he felt relieved for some reason,1,0,thirties,male,us,4.0,AS HE LOOKED AT THE STONES HE FELT RELIEVED FOR SOME REASON
cv-valid-dev/sample-004034.mp3,we don't know what's in the confounded thing do you,6,1,,,,4.0,WE DON'T KNOW WHAT'S'M A CONFOUNDED THING TO YOU
cv-valid-dev/sample-004035.mp3,the boy was startled,2,0,,,,2.7,THE BOY ONCE STARTLED
cv-valid-dev/sample-004036.mp3,three cheers for aden christopher,1,0,fifties,male,us,3.3,THREE CHAIRS FOR ADIN CHRISTOPHER
cv-valid-dev/sample-004037.mp3,and the solid part was called the philosopher's stone,1,0,,,,4.9,AND THE SOLID PART WAS CALLED THE PHILOSOPHER'S STONE
cv-valid-dev/sample-004038.mp3,its been a long time since she last read chekhov and because of that she no longer feels like the heroine of her own story,3,0,fifties,female,australia,10.6,IT'S BEEN A LONG TIME SINCE SHE LAST READ TCHEHOLF AND BECAUSE OF THAT SHE NO LONGER FEELS LIKE THE HEROINE OF HER OWN STORY
cv-valid-dev/sample-004039.mp3,are you enjoying london,1,0,thirties,female,england,2.1,ARE YOU ENJOYING LONDON
cv-valid-dev/sample-004040.mp3,they placed the symbols of the pilgrimage on the doors of their houses,3,0,sixties,female,us,5.2,IT PLACED THE SYMBOLS OF THE PILGRIMAGE ON THE DOORS OF THEIR HOUSES
cv-valid-dev/sample-004041.mp3,he could always go back to being a shepherd,3,0,,,,2.9,HE COULD ALWAYS GO BACK TO BEING A SHEPHERD
cv-valid-dev/sample-004042.mp3,its lower end was still embedded,6,0,twenties,female,,2.8,ITS LOWER END WAS STILL EMBITTED
cv-valid-dev/sample-004043.mp3,i'm going into the desert the man answered turning back to his reading,1,0,,,,5.0,I'M GOING INTO THE DESERT THE MAN ANSWERED TURNING BACK TO HIS RAIDING
cv-valid-dev/sample-004044.mp3,as the sun rose the men began to beat the boy,2,0,thirties,male,australia,4.2,AS THE SUN ROSE THE MEN BEGAN TO BEAT THE BOY
cv-valid-dev/sample-004045.mp3,i have to find a man who knows that universal language,3,0,thirties,male,us,3.9,I HAVE TO FIND A MAN WHO KNOWS THAT UNIVERSAL LANGUAGE
cv-valid-dev/sample-004046.mp3,the picnic was ruined by a marching band,1,0,twenties,male,scotland,2.9,THE PECNIC WAS RUINED BY OUR MARCHIN BAN
cv-valid-dev/sample-004047.mp3,how come you speak spanish he asked,2,0,,,,5.8,HOW COME YO SPEAK SPANISH HE ASKED
cv-valid-dev/sample-004048.mp3,did you ever walk into this office,1,0,twenties,male,us,4.1,DID YOU EVER WALK INTO THIS OFFICE
cv-valid-dev/sample-004049.mp3,i'm sure she'll be all right,1,0,,,,3.7,I'M SURE SHE'LL BE ALL RIGHT
cv-valid-dev/sample-004050.mp3,when the simum ceased to blow everyone looked to the place where the boy had been,1,0,,,,5.8,WHEN THE SEMUM CEASED TO BLOW EVERYONE LOOKED TO THE PLACE WHERE THE BOY HAD BEEN
cv-valid-dev/sample-004051.mp3,everything looked diffuse after she took the narcotic,1,0,sixties,male,england,4.3,EVERYTHING LOOKED DIFFUSE AFTER SHE TOOK THE NARCOTIC
cv-valid-dev/sample-004052.mp3,and eventually man will nourish your sands where the game will once again flourish,5,1,,,,5.8,AND EVENTUALLY MAN WILL NOURISH YER SANDS WHERE THE GAME WILL ONCE AGAIN FLOURISH
cv-valid-dev/sample-004053.mp3,if you start your emails with greetings let me be the first to welcome you to earth,1,0,sixties,female,canada,12.6,IF YOU START YOUR FEMALES WITH GREETINGS LET ME BE THE FIRST TO WELCOME YOU TO EARTH
cv-valid-dev/sample-004054.mp3,the cursor blinked expectantly,3,0,,,,3.6,THE CURSER BLINKED EXPECTANTLY
cv-valid-dev/sample-004055.mp3,the atmosphere was suffused with the sweet scent of smoke,4,1,fourties,male,england,5.0,THE ATMOSPHERE WAS SUFFUSED WITH THE SWEET SCENT OF SMOKE
cv-valid-dev/sample-004056.mp3,the girl dropped the container and the water spilled,1,0,,,,3.2,THE GIRL DROPPED THE CONTAINER AND THE WATER SPILLED
cv-valid-dev/sample-004057.mp3,fresh coffee is much better than the freeze dried stuff,3,0,,,,4.5,FRESH COFFEE IS MUCH BETTER THAN THE FRIEZE DRIED STUFF
cv-valid-dev/sample-004058.mp3,i can always go back to being a shepherd the boy thought,1,0,,,,4.7,I CAN ALWAYS GO BACK TO BEING A SHEPHERD THE BOY THOUGHT
cv-valid-dev/sample-004059.mp3,the boy was also saddened his friend was in pursuit of his destiny,1,0,,,,7.1,THE BOY WAS ALSO SEDEND HIS FRIEND WAS IN PURSUIT OF HIS DESTINY
cv-valid-dev/sample-004060.mp3,i think they're going to last for a long time he said to the monk,3,0,,,,5.2,I THINK THEY'RE GOING TO LAST FOR A LONG TIME HE SAID TO THE MONK
cv-valid-dev/sample-004061.mp3,they drank their milk and fell asleep,1,0,,,,3.9,THEY DRANK THEIR MILK AND FELL ASLEEP
cv-valid-dev/sample-004062.mp3,and then he perceived it very slowly,3,0,,,,3.8,AND THEN HE PERCEIVED IT VERY SLOWLY
cv-valid-dev/sample-004063.mp3,they become the soul o f the world,2,0,,,,4.5,THEY BECOME THE SOUL OF THE WORD
cv-valid-dev/sample-004064.mp3,what's going on here,3,0,,,,2.5,WHAT'S GOING ON HERE
cv-valid-dev/sample-004065.mp3,why the shots stopped after the tenth no one on earth has tried to explain,3,0,,,,6.3,WHY THE SHOTS STOPPED AFTER THE TENTH NO ONE ON EARTH HAS TRIED TO EXPLAIN
cv-valid-dev/sample-004066.mp3,that's the man who knows all the secrets of the world she said,2,0,,,,5.8,THAT'S THE MAN WHO KNOWS ALL THE SECRETS OF THE WORLD SHE SAID
cv-valid-dev/sample-004067.mp3,they reached the center of a large plaza where the market was held,3,0,fourties,female,us,5.1,THEY REACHED THE CENTRE OF A LARGE CUAZA WHERE THE MARKET WAS HELD
cv-valid-dev/sample-004068.mp3,he was thinking about omens and someone had appeared,4,0,,,,3.8,HE WAS THINKING ABOUT OMENS AND SOMEONE HAD APPEARED
cv-valid-dev/sample-004069.mp3,no sense messing up the streets,2,0,thirties,male,england,2.6,NO SENSE MESSING UP THE STREETS
cv-valid-dev/sample-004070.mp3,i can see that,1,0,,,,1.8,I CAN SEE THAT
cv-valid-dev/sample-004071.mp3,but they could never have taught him arabic,2,1,,,,4.4,BUT THEY COULD NEVER HAVE TAUGHT HIM ARABIC
cv-valid-dev/sample-004072.mp3,he decided to concentrate on more practical matters,1,0,,,,3.4,HE DECIDED TO CONCENTRATE ON MORE PRACTICAL MATTERS
cv-valid-dev/sample-004073.mp3,that's what i'm not supposed to say,2,0,thirties,male,us,4.5,THAT'S WHAT I'M NOT SUPPOSED TO SAY
cv-valid-dev/sample-004074.mp3,just handling them made him feel better,3,0,,,,4.4,JUST HERE THE WINPLE MADE HIM FEEL BETTER
cv-valid-dev/sample-004075.mp3,the city sealer's office,1,0,,,,2.7,THE CITY SEILOR'S OFFICE
